   jpnij   jpimax  jpjmax    jpk  jpiglo  jpjglo ( local:    narea     jpi     jpj )
      26      30     167      75     362     332 ( local:        1      30     167 )
nproc nlci nlcj nldi nldj nlei nlej nimp njmp nono noso nowe noea nbondi nbondj 
    0   30  167    2    1   29  166    1    1   13   -1   12    1      0     -1
    1   30  167    2    1   29  166   29    1   14   -1    0    2      0     -1
    2   30  167    2    1   29  166   57    1   15   -1    1    3      0     -1
    3   30  167    2    1   29  166   85    1   16   -1    2    4      0     -1
    4   30  167    2    1   29  166  113    1   17   -1    3    5      0     -1
    5   30  167    2    1   29  166  141    1   18   -1    4    6      0     -1
    6   30  167    2    1   29  166  169    1   19   -1    5    7      0     -1
    7   30  167    2    1   29  166  197    1   20   -1    6    8      0     -1
    8   30  167    2    1   29  166  225    1   21   -1    7    9      0     -1
    9   29  167    2    1   28  166  253    1   22   -1    8   10      0     -1
   10   29  167    2    1   28  166  280    1   23   -1    9   11      0     -1
   11   29  167    2    1   28  166  307    1   24   -1   10   12      0     -1
   12   29  167    2    1   28  166  334    1   25   -1   11    0      0     -1
   13   30  167    2    2   29  167    1  166   25    0   25   14      0      1
   14   30  167    2    2   29  167   29  166   24    1   13   15      0      1
   15   30  167    2    2   29  167   57  166   23    2   14   16      0      1
   16   30  167    2    2   29  167   85  166   22    3   15   17      0      1
   17   30  167    2    2   29  167  113  166   21    4   16   18      0      1
   18   30  167    2    2   29  167  141  166   20    5   17   19      0      1
   19   30  167    2    2   29  167  169  166   -1    6   18   20      0      1
   20   30  167    2    2   29  167  197  166   18    7   19   21      0      1
   21   30  167    2    2   29  167  225  166   17    8   20   22      0      1
   22   29  167    2    2   28  167  253  166   16    9   21   23      0      1
   23   29  167    2    2   28  167  280  166   15   10   22   24      0      1
   24   29  167    2    2   28  167  307  166   14   11   23   25      0      1
   25   29  167    2    2   28  167  334  166   13   12   24   13      0      1
 
 
 number of subdomains located along the north fold :           13
 Rank of the subdomains located along the north fold :           13
          13          14          15          16          17
          18          19          20          21          22
          23          24          25
 
 
 north fold exchanges with explicit point-to-point messaging :
 nfsloop :            0
 nfeloop :            0
 nsndto :            0
 isendto :            0           0           0
