   jpnij   jpimax  jpjmax    jpk  jpiglo  jpjglo ( local:    narea     jpi     jpj )
     430      50      63      75    1442    1207 ( local:        1      50      63 )
nproc nlci nlcj nldi nldj nlei nlej nimp njmp nono noso nowe noea nbondi nbondj 
    0   50   63    1    1   49   62  337  123    7   -1   -1    1     -1     -1
    1   50   63    2    1   49   62  385  123    8   -1    0    2      0     -1
    2   50   63    2    1   49   62  433  123    9   -1    1    3      0     -1
    3   50   63    2    1   50   62  481  123   10   -1    2   -1      1     -1
    4   50   63    1    1   49   62  913  123   19   -1   -1    5     -1     -1
    5   50   63    2    1   49   62  961  123   20   -1    4    6      0     -1
    6   50   63    2    1   50   62 1009  123   21   -1    5   -1      1     -1
    7   50   63    1    2   49   62  337  184   25    0   -1    8     -1      0
    8   50   63    2    2   49   62  385  184   26    1    7    9      0      0
    9   50   63    2    2   49   62  433  184   27    2    8   10      0      0
   10   50   63    2    2   49   62  481  184   28    3    9   11      0      0
   11   50   63    2    1   49   62  529  184   29   -1   10   12      0     -1
   12   50   63    2    1   49   62  577  184   30   -1   11   13      0     -1
   13   50   63    2    1   49   62  625  184   31   -1   12   14      0     -1
   14   50   63    2    1   49   62  673  184   32   -1   13   15      0     -1
   15   50   63    2    1   49   62  721  184   33   -1   14   16      0     -1
   16   50   63    2    1   49   62  769  184   34   -1   15   17      0     -1
   17   50   63    2    1   49   62  817  184   35   -1   16   18      0     -1
   18   50   63    2    1   49   62  865  184   36   -1   17   19      0     -1
   19   50   63    2    2   49   62  913  184   37    4   18   20      0      0
   20   50   63    2    2   49   62  961  184   38    5   19   21      0      0
   21   50   63    2    2   49   62 1009  184   39    6   20   22      0      0
   22   50   63    2    1   50   62 1057  184   40   -1   21   -1      1     -1
   23   50   63    2    1   50   62    1  245   47   -1   46   -1      1     -1
   24   50   63    1    1   49   62  289  245   53   -1   -1   25     -1     -1
   25   50   63    2    2   49   62  337  245   54    7   24   26      0      0
   26   50   63    2    2   49   62  385  245   55    8   25   27      0      0
   27   50   63    2    2   49   62  433  245   56    9   26   28      0      0
   28   50   63    2    2   49   62  481  245   57   10   27   29      0      0
   29   50   63    2    2   49   62  529  245   58   11   28   30      0      0
   30   50   63    2    2   49   62  577  245   59   12   29   31      0      0
   31   50   63    2    2   49   62  625  245   60   13   30   32      0      0
   32   50   63    2    2   49   62  673  245   61   14   31   33      0      0
   33   50   63    2    2   49   62  721  245   62   15   32   34      0      0
   34   50   63    2    2   49   62  769  245   63   16   33   35      0      0
   35   50   63    2    2   49   62  817  245   64   17   34   36      0      0
   36   50   63    2    2   49   62  865  245   65   18   35   37      0      0
   37   50   63    2    2   49   62  913  245   66   19   36   38      0      0
   38   50   63    2    2   49   62  961  245   67   20   37   39      0      0
   39   50   63    2    2   49   62 1009  245   68   21   38   40      0      0
   40   50   63    2    2   49   62 1057  245   69   22   39   41      0      0
   41   50   63    2    1   49   62 1105  245   70   -1   40   42      0     -1
   42   50   63    2    1   49   62 1153  245   71   -1   41   43      0     -1
   43   50   63    2    1   49   62 1201  245   72   -1   42   44      0     -1
   44   50   63    2    1   49   62 1249  245   73   -1   43   45      0     -1
   45   50   63    2    1   50   62 1297  245   74   -1   44   -1      1     -1
   46   50   63    1    1   49   62 1393  245   76   -1   -1   23     -1     -1
   47   50   63    2    2   49   62    1  306   77   23   76   48      0      0
   48   50   63    2    1   49   62   49  306   78   -1   47   49      0     -1
   49   50   63    2    1   49   62   97  306   79   -1   48   50      0     -1
   50   50   63    2    1   49   62  145  306   80   -1   49   51      0     -1
   51   50   63    2    1   49   62  193  306   81   -1   50   52      0     -1
   52   50   63    2    1   49   62  241  306   82   -1   51   53      0     -1
   53   50   63    2    2   49   62  289  306   83   24   52   54      0      0
   54   50   63    2    2   49   62  337  306   84   25   53   55      0      0
   55   50   63    2    2   49   62  385  306   85   26   54   56      0      0
   56   50   63    2    2   49   62  433  306   86   27   55   57      0      0
   57   50   63    2    2   49   62  481  306   87   28   56   58      0      0
   58   50   63    2    2   49   62  529  306   88   29   57   59      0      0
   59   50   63    2    2   49   62  577  306   89   30   58   60      0      0
   60   50   63    2    2   49   62  625  306   90   31   59   61      0      0
   61   50   63    2    2   49   62  673  306   91   32   60   62      0      0
   62   50   63    2    2   49   62  721  306   92   33   61   63      0      0
   63   50   63    2    2   49   62  769  306   93   34   62   64      0      0
   64   50   63    2    2   49   62  817  306   94   35   63   65      0      0
   65   50   63    2    2   49   62  865  306   95   36   64   66      0      0
   66   50   63    2    2   49   62  913  306   96   37   65   67      0      0
   67   50   63    2    2   49   62  961  306   97   38   66   68      0      0
   68   50   63    2    2   49   62 1009  306   98   39   67   69      0      0
   69   50   63    2    2   49   62 1057  306   99   40   68   70      0      0
   70   50   63    2    2   49   62 1105  306  100   41   69   71      0      0
   71   50   63    2    2   49   62 1153  306  101   42   70   72      0      0
   72   50   63    2    2   49   62 1201  306  102   43   71   73      0      0
   73   50   63    2    2   49   62 1249  306  103   44   72   74      0      0
   74   50   63    2    2   49   62 1297  306  104   45   73   75      0      0
   75   50   63    2    1   49   62 1345  306  105   -1   74   76      0     -1
   76   50   63    2    2   49   62 1393  306  106   46   75   47      0      0
   77   50   63    2    2   49   62    1  367  107   47  106   78      0      0
   78   50   63    2    2   49   62   49  367  108   48   77   79      0      0
   79   50   63    2    2   49   62   97  367  109   49   78   80      0      0
   80   50   63    2    2   49   62  145  367  110   50   79   81      0      0
   81   50   63    2    2   49   62  193  367  111   51   80   82      0      0
   82   50   63    2    2   49   62  241  367  112   52   81   83      0      0
   83   50   63    2    2   49   62  289  367  113   53   82   84      0      0
   84   50   63    2    2   49   62  337  367  114   54   83   85      0      0
   85   50   63    2    2   49   62  385  367  115   55   84   86      0      0
   86   50   63    2    2   49   62  433  367  116   56   85   87      0      0
   87   50   63    2    2   49   62  481  367  117   57   86   88      0      0
   88   50   63    2    2   49   62  529  367  118   58   87   89      0      0
   89   50   63    2    2   49   62  577  367  119   59   88   90      0      0
   90   50   63    2    2   49   62  625  367  120   60   89   91      0      0
   91   50   63    2    2   49   62  673  367  121   61   90   92      0      0
   92   50   63    2    2   49   62  721  367  122   62   91   93      0      0
   93   50   63    2    2   49   62  769  367  123   63   92   94      0      0
   94   50   63    2    2   49   62  817  367  124   64   93   95      0      0
   95   50   63    2    2   49   62  865  367  125   65   94   96      0      0
   96   50   63    2    2   49   62  913  367  126   66   95   97      0      0
   97   50   63    2    2   49   62  961  367  127   67   96   98      0      0
   98   50   63    2    2   49   62 1009  367  128   68   97   99      0      0
   99   50   63    2    2   49   62 1057  367  129   69   98  100      0      0
  100   50   63    2    2   49   62 1105  367  130   70   99  101      0      0
  101   50   63    2    2   49   62 1153  367  131   71  100  102      0      0
  102   50   63    2    2   49   62 1201  367  132   72  101  103      0      0
  103   50   63    2    2   49   62 1249  367  133   73  102  104      0      0
  104   50   63    2    2   49   62 1297  367  134   74  103  105      0      0
  105   50   63    2    2   49   62 1345  367  135   75  104  106      0      0
  106   50   63    2    2   49   62 1393  367  136   76  105   77      0      0
  107   50   63    2    2   49   62    1  428  137   77  136  108      0      0
  108   50   63    2    2   49   62   49  428  138   78  107  109      0      0
  109   50   63    2    2   49   62   97  428  139   79  108  110      0      0
  110   50   63    2    2   49   62  145  428  140   80  109  111      0      0
  111   50   63    2    2   49   62  193  428  141   81  110  112      0      0
  112   50   63    2    2   49   62  241  428  142   82  111  113      0      0
  113   50   63    2    2   49   62  289  428  143   83  112  114      0      0
  114   50   63    2    2   49   62  337  428  144   84  113  115      0      0
  115   50   63    2    2   49   62  385  428  145   85  114  116      0      0
  116   50   63    2    2   49   62  433  428  146   86  115  117      0      0
  117   50   63    2    2   49   62  481  428  147   87  116  118      0      0
  118   50   63    2    2   49   62  529  428  148   88  117  119      0      0
  119   50   63    2    2   49   62  577  428  149   89  118  120      0      0
  120   50   63    2    2   49   62  625  428  150   90  119  121      0      0
  121   50   63    2    2   49   62  673  428  151   91  120  122      0      0
  122   50   63    2    2   49   62  721  428  152   92  121  123      0      0
  123   50   63    2    2   49   62  769  428  153   93  122  124      0      0
  124   50   63    2    2   49   62  817  428  154   94  123  125      0      0
  125   50   63    2    2   49   62  865  428  155   95  124  126      0      0
  126   50   63    2    2   49   62  913  428  156   96  125  127      0      0
  127   50   63    2    2   49   62  961  428  157   97  126  128      0      0
  128   50   63    2    2   49   62 1009  428  158   98  127  129      0      0
  129   50   63    2    2   49   62 1057  428  159   99  128  130      0      0
  130   50   63    2    2   49   62 1105  428  160  100  129  131      0      0
  131   50   63    2    2   49   62 1153  428  161  101  130  132      0      0
  132   50   63    2    2   49   62 1201  428  162  102  131  133      0      0
  133   50   63    2    2   49   62 1249  428  163  103  132  134      0      0
  134   50   63    2    2   49   62 1297  428  164  104  133  135      0      0
  135   50   63    2    2   49   62 1345  428  165  105  134  136      0      0
  136   50   63    2    2   49   62 1393  428  166  106  135  107      0      0
  137   50   63    2    2   49   62    1  489  167  107  166  138      0      0
  138   50   63    2    2   49   62   49  489  168  108  137  139      0      0
  139   50   63    2    2   49   62   97  489  169  109  138  140      0      0
  140   50   63    2    2   49   62  145  489  170  110  139  141      0      0
  141   50   63    2    2   49   62  193  489  171  111  140  142      0      0
  142   50   63    2    2   49   63  241  489   -1  112  141  143      0      1
  143   50   63    2    2   49   62  289  489  172  113  142  144      0      0
  144   50   63    2    2   49   62  337  489  173  114  143  145      0      0
  145   50   63    2    2   49   62  385  489  174  115  144  146      0      0
  146   50   63    2    2   49   62  433  489  175  116  145  147      0      0
  147   50   63    2    2   49   62  481  489  176  117  146  148      0      0
  148   50   63    2    2   49   62  529  489  177  118  147  149      0      0
  149   50   63    2    2   49   62  577  489  178  119  148  150      0      0
  150   50   63    2    2   49   62  625  489  179  120  149  151      0      0
  151   50   63    2    2   49   62  673  489  180  121  150  152      0      0
  152   50   63    2    2   49   62  721  489  181  122  151  153      0      0
  153   50   63    2    2   49   62  769  489  182  123  152  154      0      0
  154   50   63    2    2   49   62  817  489  183  124  153  155      0      0
  155   50   63    2    2   49   62  865  489  184  125  154  156      0      0
  156   50   63    2    2   49   62  913  489  185  126  155  157      0      0
  157   50   63    2    2   49   62  961  489  186  127  156  158      0      0
  158   50   63    2    2   49   62 1009  489  187  128  157  159      0      0
  159   50   63    2    2   49   62 1057  489  188  129  158  160      0      0
  160   50   63    2    2   49   62 1105  489  189  130  159  161      0      0
  161   50   63    2    2   49   62 1153  489  190  131  160  162      0      0
  162   50   63    2    2   49   62 1201  489  191  132  161  163      0      0
  163   50   63    2    2   49   62 1249  489  192  133  162  164      0      0
  164   50   63    2    2   49   62 1297  489  193  134  163  165      0      0
  165   50   63    2    2   49   62 1345  489  194  135  164  166      0      0
  166   50   63    2    2   49   62 1393  489  195  136  165  137      0      0
  167   50   63    2    2   49   62    1  550  196  137  195  168      0      0
  168   50   63    2    2   49   62   49  550  197  138  167  169      0      0
  169   50   63    2    2   49   62   97  550  198  139  168  170      0      0
  170   50   63    2    2   49   62  145  550  199  140  169  171      0      0
  171   50   63    2    2   50   62  193  550  200  141  170   -1      1      0
  172   50   63    1    2   49   62  289  550  202  143   -1  173     -1      0
  173   50   63    2    2   49   62  337  550  203  144  172  174      0      0
  174   50   63    2    2   49   62  385  550  204  145  173  175      0      0
  175   50   63    2    2   49   62  433  550  205  146  174  176      0      0
  176   50   63    2    2   49   62  481  550  206  147  175  177      0      0
  177   50   63    2    2   49   62  529  550  207  148  176  178      0      0
  178   50   63    2    2   49   62  577  550  208  149  177  179      0      0
  179   50   63    2    2   49   62  625  550  209  150  178  180      0      0
  180   50   63    2    2   49   62  673  550  210  151  179  181      0      0
  181   50   63    2    2   49   62  721  550  211  152  180  182      0      0
  182   50   63    2    2   49   62  769  550  212  153  181  183      0      0
  183   50   63    2    2   49   62  817  550  213  154  182  184      0      0
  184   50   63    2    2   49   62  865  550  214  155  183  185      0      0
  185   50   63    2    2   49   63  913  550   -1  156  184  186      0      1
  186   50   63    2    2   49   62  961  550  215  157  185  187      0      0
  187   50   63    2    2   49   62 1009  550  216  158  186  188      0      0
  188   50   63    2    2   49   62 1057  550  217  159  187  189      0      0
  189   50   63    2    2   49   62 1105  550  218  160  188  190      0      0
  190   50   63    2    2   49   62 1153  550  219  161  189  191      0      0
  191   50   63    2    2   49   62 1201  550  220  162  190  192      0      0
  192   50   63    2    2   49   62 1249  550  221  163  191  193      0      0
  193   50   63    2    2   49   62 1297  550  222  164  192  194      0      0
  194   50   63    2    2   49   62 1345  550  223  165  193  195      0      0
  195   50   63    2    2   49   62 1393  550  224  166  194  167      0      0
  196   50   63    2    2   49   62    1  611  225  167  224  197      0      0
  197   50   63    2    2   49   62   49  611  226  168  196  198      0      0
  198   50   63    2    2   49   62   97  611  227  169  197  199      0      0
  199   50   63    2    2   49   62  145  611  228  170  198  200      0      0
  200   50   63    2    2   49   62  193  611  229  171  199  201      0      0
  201   50   63    2    1   49   62  241  611  230   -1  200  202      0     -1
  202   50   63    2    2   49   62  289  611  231  172  201  203      0      0
  203   50   63    2    2   49   62  337  611  232  173  202  204      0      0
  204   50   63    2    2   49   62  385  611  233  174  203  205      0      0
  205   50   63    2    2   49   62  433  611  234  175  204  206      0      0
  206   50   63    2    2   49   62  481  611  235  176  205  207      0      0
  207   50   63    2    2   49   62  529  611  236  177  206  208      0      0
  208   50   63    2    2   49   62  577  611  237  178  207  209      0      0
  209   50   63    2    2   49   62  625  611  238  179  208  210      0      0
  210   50   63    2    2   49   62  673  611  239  180  209  211      0      0
  211   50   63    2    2   49   62  721  611  240  181  210  212      0      0
  212   50   63    2    2   49   62  769  611  241  182  211  213      0      0
  213   50   63    2    2   49   62  817  611  242  183  212  214      0      0
  214   50   63    2    2   50   62  865  611  243  184  213   -1      1      0
  215   50   63    1    2   49   62  961  611  245  186   -1  216     -1      0
  216   50   63    2    2   49   62 1009  611  246  187  215  217      0      0
  217   50   63    2    2   49   62 1057  611  247  188  216  218      0      0
  218   50   63    2    2   49   62 1105  611  248  189  217  219      0      0
  219   50   63    2    2   49   62 1153  611  249  190  218  220      0      0
  220   50   63    2    2   49   63 1201  611   -1  191  219  221      0      1
  221   50   63    2    2   49   62 1249  611  250  192  220  222      0      0
  222   50   63    2    2   49   62 1297  611  251  193  221  223      0      0
  223   50   63    2    2   49   62 1345  611  252  194  222  224      0      0
  224   50   63    2    2   49   62 1393  611  253  195  223  196      0      0
  225   50   63    2    2   49   62    1  672  254  196  253  226      0      0
  226   50   63    2    2   49   62   49  672  255  197  225  227      0      0
  227   50   63    2    2   49   62   97  672  256  198  226  228      0      0
  228   50   63    2    2   49   62  145  672  257  199  227  229      0      0
  229   50   63    2    2   49   62  193  672  258  200  228  230      0      0
  230   50   63    2    2   49   62  241  672  259  201  229  231      0      0
  231   50   63    2    2   49   62  289  672  260  202  230  232      0      0
  232   50   63    2    2   49   62  337  672  261  203  231  233      0      0
  233   50   63    2    2   49   62  385  672  262  204  232  234      0      0
  234   50   63    2    2   49   62  433  672  263  205  233  235      0      0
  235   50   63    2    2   49   62  481  672  264  206  234  236      0      0
  236   50   63    2    2   49   62  529  672  265  207  235  237      0      0
  237   50   63    2    2   49   62  577  672  266  208  236  238      0      0
  238   50   63    2    2   49   62  625  672  267  209  237  239      0      0
  239   50   63    2    2   49   62  673  672  268  210  238  240      0      0
  240   50   63    2    2   49   62  721  672  269  211  239  241      0      0
  241   50   63    2    2   49   62  769  672  270  212  240  242      0      0
  242   50   63    2    2   49   62  817  672  271  213  241  243      0      0
  243   50   63    2    2   49   62  865  672  272  214  242  244      0      0
  244   50   63    2    1   49   62  913  672  273   -1  243  245      0     -1
  245   50   63    2    2   49   62  961  672  274  215  244  246      0      0
  246   50   63    2    2   49   62 1009  672  275  216  245  247      0      0
  247   50   63    2    2   49   62 1057  672  276  217  246  248      0      0
  248   50   63    2    2   49   63 1105  672   -1  218  247  249      0      1
  249   50   63    2    2   50   63 1153  672   -1  219  248   -1      1      1
  250   50   63    1    2   49   62 1249  672  277  221   -1  251     -1      0
  251   50   63    2    2   49   62 1297  672  278  222  250  252      0      0
  252   50   63    2    2   49   62 1345  672  279  223  251  253      0      0
  253   50   63    2    2   49   62 1393  672  280  224  252  225      0      0
  254   50   63    2    2   49   63    1  733   -1  225  280  255      0      1
  255   50   63    2    2   49   63   49  733   -1  226  254  256      0      1
  256   50   63    2    2   49   63   97  733   -1  227  255  257      0      1
  257   50   63    2    2   49   62  145  733  281  228  256  258      0      0
  258   50   63    2    2   49   62  193  733  282  229  257  259      0      0
  259   50   63    2    2   49   62  241  733  283  230  258  260      0      0
  260   50   63    2    2   49   62  289  733  284  231  259  261      0      0
  261   50   63    2    2   49   62  337  733  285  232  260  262      0      0
  262   50   63    2    2   49   62  385  733  286  233  261  263      0      0
  263   50   63    2    2   49   62  433  733  287  234  262  264      0      0
  264   50   63    2    2   49   62  481  733  288  235  263  265      0      0
  265   50   63    2    2   49   62  529  733  289  236  264  266      0      0
  266   50   63    2    2   49   62  577  733  290  237  265  267      0      0
  267   50   63    2    2   49   62  625  733  291  238  266  268      0      0
  268   50   63    2    2   49   62  673  733  292  239  267  269      0      0
  269   50   63    2    2   49   62  721  733  293  240  268  270      0      0
  270   50   63    2    2   49   62  769  733  294  241  269  271      0      0
  271   50   63    2    2   49   62  817  733  295  242  270  272      0      0
  272   50   63    2    2   49   62  865  733  296  243  271  273      0      0
  273   50   63    2    2   49   62  913  733  297  244  272  274      0      0
  274   50   63    2    2   49   62  961  733  298  245  273  275      0      0
  275   50   63    2    2   49   62 1009  733  299  246  274  276      0      0
  276   50   63    2    2   50   62 1057  733  300  247  275   -1      1      0
  277   50   63    1    2   49   62 1249  733  304  250   -1  278     -1      0
  278   50   63    2    2   49   62 1297  733  305  251  277  279      0      0
  279   50   63    2    2   49   62 1345  733  306  252  278  280      0      0
  280   50   63    2    2   49   63 1393  733   -1  253  279  254      0      1
  281   50   63    1    2   49   62  145  794  307  257   -1  282     -1      0
  282   50   63    2    2   49   62  193  794  308  258  281  283      0      0
  283   50   63    2    2   49   62  241  794  309  259  282  284      0      0
  284   50   63    2    2   49   62  289  794  310  260  283  285      0      0
  285   50   63    2    2   49   62  337  794  311  261  284  286      0      0
  286   50   63    2    2   49   62  385  794  312  262  285  287      0      0
  287   50   63    2    2   49   62  433  794  313  263  286  288      0      0
  288   50   63    2    2   49   62  481  794  314  264  287  289      0      0
  289   50   63    2    2   49   62  529  794  315  265  288  290      0      0
  290   50   63    2    2   49   62  577  794  316  266  289  291      0      0
  291   50   63    2    2   49   62  625  794  317  267  290  292      0      0
  292   50   63    2    2   49   63  673  794   -1  268  291  293      0      1
  293   50   63    2    2   49   63  721  794   -1  269  292  294      0      1
  294   50   63    2    2   49   62  769  794  318  270  293  295      0      0
  295   50   63    2    2   49   62  817  794  319  271  294  296      0      0
  296   50   63    2    2   49   62  865  794  320  272  295  297      0      0
  297   50   63    2    2   49   62  913  794  321  273  296  298      0      0
  298   50   63    2    2   49   62  961  794  322  274  297  299      0      0
  299   50   63    2    2   49   62 1009  794  323  275  298  300      0      0
  300   50   63    2    2   49   62 1057  794  324  276  299  301      0      0
  301   50   63    2    1   49   62 1105  794  325   -1  300  302      0     -1
  302   50   63    2    1   49   62 1153  794  326   -1  301  303      0     -1
  303   50   63    2    1   49   62 1201  794  327   -1  302  304      0     -1
  304   50   63    2    2   49   62 1249  794  328  277  303  305      0      0
  305   50   63    2    2   49   62 1297  794  329  278  304  306      0      0
  306   50   63    2    2   50   62 1345  794  330  279  305   -1      1      0
  307   50   63    1    2   49   63  145  855   -1  281   -1  308     -1      1
  308   50   63    2    2   49   63  193  855   -1  282  307  309      0      1
  309   50   63    2    2   49   62  241  855  331  283  308  310      0      0
  310   50   63    2    2   49   62  289  855  332  284  309  311      0      0
  311   50   63    2    2   49   62  337  855  333  285  310  312      0      0
  312   50   63    2    2   49   62  385  855  334  286  311  313      0      0
  313   50   63    2    2   49   62  433  855  335  287  312  314      0      0
  314   50   63    2    2   49   62  481  855  336  288  313  315      0      0
  315   50   63    2    2   49   62  529  855  337  289  314  316      0      0
  316   50   63    2    2   49   62  577  855  338  290  315  317      0      0
  317   50   63    2    2   50   62  625  855  339  291  316   -1      1      0
  318   50   63    1    2   49   62  769  855  340  294   -1  319     -1      0
  319   50   63    2    2   49   62  817  855  341  295  318  320      0      0
  320   50   63    2    2   49   62  865  855  342  296  319  321      0      0
  321   50   63    2    2   49   62  913  855  343  297  320  322      0      0
  322   50   63    2    2   49   62  961  855  344  298  321  323      0      0
  323   50   63    2    2   49   62 1009  855  345  299  322  324      0      0
  324   50   63    2    2   49   62 1057  855  346  300  323  325      0      0
  325   50   63    2    2   49   62 1105  855  347  301  324  326      0      0
  326   50   63    2    2   49   62 1153  855  348  302  325  327      0      0
  327   50   63    2    2   49   62 1201  855  349  303  326  328      0      0
  328   50   63    2    2   49   62 1249  855  350  304  327  329      0      0
  329   50   63    2    2   49   62 1297  855  351  305  328  330      0      0
  330   50   63    2    2   50   62 1345  855  352  306  329   -1      1      0
  331   50   63    1    2   49   62  241  916  354  309   -1  332     -1      0
  332   50   63    2    2   49   62  289  916  355  310  331  333      0      0
  333   50   63    2    2   49   62  337  916  356  311  332  334      0      0
  334   50   63    2    2   49   62  385  916  357  312  333  335      0      0
  335   50   63    2    2   49   62  433  916  358  313  334  336      0      0
  336   50   63    2    2   49   62  481  916  359  314  335  337      0      0
  337   50   63    2    2   49   62  529  916  360  315  336  338      0      0
  338   50   63    2    2   49   62  577  916  361  316  337  339      0      0
  339   50   63    2    2   50   63  625  916   -1  317  338   -1      1      1
  340   50   63    1    2   49   62  769  916  362  318   -1  341     -1      0
  341   50   63    2    2   49   62  817  916  363  319  340  342      0      0
  342   50   63    2    2   49   62  865  916  364  320  341  343      0      0
  343   50   63    2    2   49   62  913  916  365  321  342  344      0      0
  344   50   63    2    2   49   62  961  916  366  322  343  345      0      0
  345   50   63    2    2   49   62 1009  916  367  323  344  346      0      0
  346   50   63    2    2   49   62 1057  916  368  324  345  347      0      0
  347   50   63    2    2   49   62 1105  916  369  325  346  348      0      0
  348   50   63    2    2   49   62 1153  916  370  326  347  349      0      0
  349   50   63    2    2   49   62 1201  916  371  327  348  350      0      0
  350   50   63    2    2   49   63 1249  916   -1  328  349  351      0      1
  351   50   63    2    2   49   63 1297  916   -1  329  350  352      0      1
  352   50   63    2    2   49   63 1345  916   -1  330  351  353      0      1
  353   50   63    2    1   50   63 1393  916   -1   -1  352   -1      1      2
  354   50   63    1    2   49   62  241  977  372  331   -1  355     -1      0
  355   50   63    2    2   49   62  289  977  373  332  354  356      0      0
  356   50   63    2    2   49   62  337  977  374  333  355  357      0      0
  357   50   63    2    2   49   62  385  977  375  334  356  358      0      0
  358   50   63    2    2   49   62  433  977  376  335  357  359      0      0
  359   50   63    2    2   49   62  481  977  377  336  358  360      0      0
  360   50   63    2    2   49   62  529  977  378  337  359  361      0      0
  361   50   63    2    2   50   63  577  977   -1  338  360   -1      1      1
  362   50   63    1    2   49   62  769  977  379  340   -1  363     -1      0
  363   50   63    2    2   49   62  817  977  380  341  362  364      0      0
  364   50   63    2    2   49   62  865  977  381  342  363  365      0      0
  365   50   63    2    2   49   62  913  977  382  343  364  366      0      0
  366   50   63    2    2   49   62  961  977  383  344  365  367      0      0
  367   50   63    2    2   49   62 1009  977  384  345  366  368      0      0
  368   50   63    2    2   49   62 1057  977  385  346  367  369      0      0
  369   50   63    2    2   49   62 1105  977  386  347  368  370      0      0
  370   50   63    2    2   49   62 1153  977  387  348  369  371      0      0
  371   50   63    2    2   50   62 1201  977  388  349  370   -1      1      0
  372   50   63    1    2   49   62  241 1038  389  354   -1  373     -1      0
  373   50   63    2    2   49   62  289 1038  390  355  372  374      0      0
  374   50   63    2    2   49   62  337 1038  391  356  373  375      0      0
  375   50   63    2    2   49   62  385 1038  392  357  374  376      0      0
  376   50   63    2    2   49   62  433 1038  393  358  375  377      0      0
  377   50   63    2    2   49   62  481 1038  394  359  376  378      0      0
  378   50   63    2    2   50   62  529 1038  395  360  377   -1      1      0
  379   50   63    1    2   49   63  769 1038   -1  362   -1  380     -1      1
  380   50   63    2    2   49   62  817 1038  397  363  379  381      0      0
  381   50   63    2    2   49   62  865 1038  398  364  380  382      0      0
  382   50   63    2    2   49   62  913 1038  399  365  381  383      0      0
  383   50   63    2    2   49   62  961 1038  400  366  382  384      0      0
  384   50   63    2    2   49   62 1009 1038  401  367  383  385      0      0
  385   50   63    2    2   49   62 1057 1038  402  368  384  386      0      0
  386   50   63    2    2   49   62 1105 1038  403  369  385  387      0      0
  387   50   63    2    2   49   62 1153 1038  404  370  386  388      0      0
  388   50   63    2    2   50   62 1201 1038  405  371  387   -1      1      0
  389   50   63    1    2   49   62  241 1099  408  372   -1  390     -1      0
  390   50   63    2    2   49   62  289 1099  409  373  389  391      0      0
  391   50   63    2    2   49   62  337 1099  410  374  390  392      0      0
  392   50   63    2    2   49   62  385 1099  411  375  391  393      0      0
  393   50   63    2    2   49   62  433 1099  412  376  392  394      0      0
  394   50   63    2    2   49   62  481 1099  413  377  393  395      0      0
  395   50   63    2    2   49   62  529 1099  414  378  394  396      0      0
  396   50   63    2    1   50   62  577 1099  415   -1  395   -1      1     -1
  397   50   63    1    2   49   62  817 1099  417  380   -1  398     -1      0
  398   50   63    2    2   49   62  865 1099  418  381  397  399      0      0
  399   50   63    2    2   49   62  913 1099  419  382  398  400      0      0
  400   50   63    2    2   49   62  961 1099  420  383  399  401      0      0
  401   50   63    2    2   49   62 1009 1099  421  384  400  402      0      0
  402   50   63    2    2   49   62 1057 1099  422  385  401  403      0      0
  403   50   63    2    2   49   62 1105 1099  423  386  402  404      0      0
  404   50   63    2    2   49   62 1153 1099  424  387  403  405      0      0
  405   50   63    2    2   50   62 1201 1099  425  388  404   -1      1      0
  406   50   48    1    1   49   48  145 1160  426   -1   -1  407     -1      2
  407   50   48    2    1   49   48  193 1160  425   -1  406  408      0      2
  408   50   48    2    2   49   48  241 1160  424  389  407  409      0      1
  409   50   48    2    2   49   48  289 1160  423  390  408  410      0      1
  410   50   48    2    2   49   48  337 1160  422  391  409  411      0      1
  411   50   48    2    2   49   48  385 1160  421  392  410  412      0      1
  412   50   48    2    2   49   48  433 1160  420  393  411  413      0      1
  413   50   48    2    2   49   48  481 1160  419  394  412  414      0      1
  414   50   48    2    2   49   48  529 1160  418  395  413  415      0      1
  415   50   48    2    2   49   48  577 1160  417  396  414  416      0      1
  416   50   48    2    1   50   48  625 1160   -1   -1  415   -1      1      2
  417   50   48    1    2   49   48  817 1160  415  397   -1  418     -1      1
  418   50   48    2    2   49   48  865 1160  414  398  417  419      0      1
  419   50   48    2    2   49   48  913 1160  413  399  418  420      0      1
  420   50   48    2    2   49   48  961 1160  412  400  419  421      0      1
  421   50   48    2    2   49   48 1009 1160  411  401  420  422      0      1
  422   50   48    2    2   49   48 1057 1160  410  402  421  423      0      1
  423   50   48    2    2   49   48 1105 1160  409  403  422  424      0      1
  424   50   48    2    2   49   48 1153 1160  408  404  423  425      0      1
  425   50   48    2    2   49   48 1201 1160  407  405  424  426      0      1
  426   50   48    2    1   50   48 1249 1160  406   -1  425   -1      1      2
  427   50   63    1    1   49   63    1    1   -1   -1   -1  428     -1      2
  428   50   63    2    1   49   63   49    1   -1   -1  427  429      0      2
  429   50   63    2    1   50   63   97    1   -1   -1  428   -1      1      2
 
 
 number of subdomains located along the north fold :           21
 Rank of the subdomains located along the north fold :           21
         406         407         408         409         410
         411         412         413         414         415
         416         417         418         419         420
         421         422         423         424         425
         426
 
 
 north fold exchanges with explicit point-to-point messaging :
 nfsloop :            0
 nfeloop :            0
 nsndto :            0
 isendto :            0           0           0
