 
       CNRS - NERC - Met OFFICE - MERCATOR-ocean - CMCC - INGV
                              NEMO team
                   Ocean General Circulation Model
                         version 4.0  (2019) 
 
                         Timing Informations 
 
 
 
 
 Total timing (sum) :
 --------------------
Elapsed Time (s)  CPU Time (s)
          113.472      385.763
 
Averaged timing on all processors :
-----------------------------------
Section                   Elap. Time(s)  Elap. Time(%)  CPU Time(s)  CPU Time(%)  CPU/Elap Max elap(%)  Min elap(%)  Freq      Max time task
stp_ctl                   0.1325961E+07  ******            39.27     142.50        0.00   16359505.17    ******       1.00          7
iom_put_p0k               0.1325961E+07  ******            39.19     142.24        0.00   16359505.06    ******      11.00          7
nemo_init                 0.3205684E+01   39.55             6.48      23.52        2.02         39.60     39.54       1.00          0
scripremap_read_sgl       0.5631271E+00    6.95             2.02       7.32        3.58          6.96      6.94       8.00          0
tra_dmp                   0.3213690E+00    3.96             1.69       6.12        5.25          3.99      3.96       1.00          4
tra_qsr                   0.5791583E-01    0.71             0.46       1.67        7.92          0.72      0.71       1.00          6
sbc_ssr                   0.3078162E-01    0.38             0.24       0.88        7.91          0.38      0.38       1.00          0
tra_adv_fct               0.2718360E-01    0.34             0.18       0.64        6.53          0.36      0.31       1.00          7
tra_ldf_iso               0.2587641E-01    0.32             0.20       0.71        7.60          0.33      0.31       1.00          0
parinter_init             0.2308353E-01    0.28             0.05       0.19        2.26          0.29      0.28       8.00          8
dom_hgr                   0.1960172E-01    0.24             0.16       0.57        7.96          0.25      0.22       1.00          8
ldf_slp                   0.1947524E-01    0.24             0.14       0.50        7.05          0.25      0.23       1.00          8
sbc_stokes                0.1888529E-01    0.23             0.15       0.54        7.89          0.23      0.23       1.00         10
icedyn_rhg                0.1881082E-01    0.23             0.13       0.48        7.07          0.23      0.23       1.00          3
sbc                       0.1761997E-01    0.22             0.14       0.49        7.72          0.22      0.21       1.00         12
nonosc                    0.1713425E-01    0.21             0.13       0.48        7.66          0.24      0.19       2.00         10
dyn_vor                   0.1559909E-01    0.19             0.12       0.44        7.70          0.20      0.18       1.00          2
sbc_rnf                   0.1531130E-01    0.19             0.12       0.44        7.93          0.19      0.19       1.00         13
dyn_nxt                   0.1501747E-01    0.19             0.11       0.39        7.22          0.19      0.15       1.00          5
tra_nxt                   0.1368414E-01    0.17             0.10       0.38        7.60          0.19      0.16       1.00          7
dyn_spg_ts                0.1365821E-01    0.17             0.10       0.36        7.35          0.17      0.16       1.00         11
dom_vvl_sf_swp            0.1275197E-01    0.16             0.10       0.36        7.70          0.16      0.14       1.00         13
tmx_itf                   0.1192297E-01    0.15             0.09       0.33        7.72          0.15      0.14       1.00         10
ldf_eiv_dia               0.1084145E-01    0.13             0.01       0.04        0.99          0.14      0.11       1.00          9
zdf_phy                   0.1040738E-01    0.13             0.08       0.31        8.14          0.13      0.12       1.00          5
zdf_tmx                   0.9735917E-02    0.12             0.07       0.26        7.44          0.13      0.12       1.00          1
ice_dyn_adv_pra           0.9631600E-02    0.12             0.07       0.24        6.76          0.13      0.11       1.00         12
zdf_tke_tke               0.9298176E-02    0.11             0.07       0.26        7.57          0.13      0.10       1.00          8
dom_vvl_sf_nxt            0.8044289E-02    0.10             0.06       0.22        7.47          0.10      0.09       2.00          3
icestp                    0.7897841E-02    0.10             0.06       0.22        7.81          0.10      0.09       1.00         11
dia_wri                   0.6929749E-02    0.09             0.05       0.18        7.16          0.09      0.08       1.00          0
dyn_zdf                   0.6215290E-02    0.08             0.05       0.16        7.27          0.08      0.07       1.00          2
dyn_ldf                   0.5846564E-02    0.07             0.05       0.17        8.01          0.07      0.07       1.00          5
div_hor                   0.5630399E-02    0.07             0.04       0.15        7.48          0.08      0.05       2.00          0
nemogcmcoup_lim2_get      0.5570818E-02    0.07             0.04       0.16        8.05          0.07      0.06       2.00          7
ldf_eiv_trp               0.5317018E-02    0.07             0.01       0.02        1.00          0.07      0.06       1.00         10
tra_zdf_imp               0.5133836E-02    0.06             0.04       0.13        6.95          0.06      0.06       1.00         11
ice_dyn_adv_pra_adv_y     0.4774009E-02    0.06             0.04       0.15        8.78          0.06      0.05      13.00          8
dyn_zad                   0.4566649E-02    0.06             0.04       0.13        8.04          0.07      0.05       1.00          7
ldf_eiv                   0.4553934E-02    0.06             0.04       0.13        8.00          0.07      0.05       1.00         10
wzv                       0.4127846E-02    0.05             0.03       0.12        8.11          0.06      0.05       2.00         10
eos-pot                   0.4074038E-02    0.05             0.03       0.11        7.55          0.06      0.04       3.00          4
tra_adv                   0.4074022E-02    0.05             0.00       0.02        1.07          0.05      0.05       1.00          3
tra_sbc                   0.4032479E-02    0.05             0.03       0.12        7.98          0.05      0.05       1.00          5
ice_dyn_adv_pra_adv_x     0.3829949E-02    0.05             0.03       0.10        7.52          0.05      0.04      13.00          5
dyn_keg                   0.3315112E-02    0.04             0.03       0.10        8.02          0.04      0.04       1.00          8
nemogcmcoup_coupinit      0.3237976E-02    0.04             0.02       0.07        6.33          0.04      0.01       1.00          2
zdf_ddm                   0.3088956E-02    0.04             0.02       0.09        7.83          0.05      0.04       1.00          2
zdf_sh2                   0.2973932E-02    0.04             0.02       0.08        7.64          0.04      0.03       1.00          6
bn2                       0.2966211E-02    0.04             0.02       0.09        8.10          0.04      0.03       2.00          4
dyn_hpg                   0.2963345E-02    0.04             0.02       0.09        8.08          0.04      0.03       1.00          7
rab_3d                    0.2957538E-02    0.04             0.02       0.08        7.67          0.04      0.03       2.00         12
zdf_evd                   0.2889297E-02    0.04             0.02       0.06        5.49          0.04      0.03       1.00          0
parinter_fld_mult         0.2792668E-02    0.03             0.02       0.08        7.56          0.04      0.03      10.00          3
scripremap_alloc          0.2704435E-02    0.03             0.01       0.02        2.11          0.04      0.02       8.00          3
zdf_mxl                   0.2661640E-02    0.03             0.01       0.05        5.19          0.04      0.03       1.00         10
zdf_tke_avn               0.2646283E-02    0.03             0.02       0.08        8.68          0.04      0.02       1.00          5
stp_oceandyn              0.2018094E-02    0.02             0.02       0.07        9.41          0.03      0.02       1.00          0
stp_tracers               0.1747393E-02    0.02             0.01       0.05        7.49          0.02      0.02       1.00          0
sbc_hbp                   0.1725343E-02    0.02             0.01       0.05        8.37          0.02      0.02       1.00          9
tra_bbl                   0.1704829E-02    0.02             0.01       0.05        7.38          0.02      0.02       1.00         12
icedyn_rdgrft             0.1629334E-02    0.02             0.01       0.04        7.55          0.03      0.01       1.00          8
sbc_sglcpl_ice_flx        0.1615371E-02    0.02             0.01       0.05        7.85          0.02      0.02       1.00          7
nemogcmcoup_wam_get       0.1534392E-02    0.02             0.01       0.04        8.02          0.04      0.00       1.00          6
ice_thd_jllopp            0.1489732E-02    0.02             0.01       0.03        5.53          0.03      0.01       1.00          8
icecor                    0.1358413E-02    0.02             0.01       0.04        7.24          0.02      0.01       2.00         13
iceupdate_flx             0.1290607E-02    0.02             0.00       0.02        3.57          0.02      0.01       1.00         12
ice_thd_main              0.1199867E-02    0.01             0.01       0.03        7.57          0.02      0.00       1.00          3
nemogcmcoup_lim2_update   0.1176315E-02    0.01             0.01       0.03        8.02          0.02      0.01       1.00          4
zps_hde                   0.1133915E-02    0.01             0.01       0.03        7.91          0.02      0.01       1.00          2
eos-insitu                0.1017040E-02    0.01             0.01       0.03        7.73          0.01      0.01       1.00         11
 
Maximum timing over all MPI tasks :
-----------------------------------
Section                   Elap. Time(s)  Elap. Time(%)  CPU Time(s)  CPU Time(%)  CPU/Elap      Freq      Max time task
stp_ctl                   0.1325966E+07  ******            39.27     142.50        0.00          1.00          7
iom_put_p0k               0.1325966E+07  ******            39.19     142.24        0.00         11.00          7
nemo_init                 0.3209268E+01   39.60             6.48      23.52        2.02          1.00          0
scripremap_read_sgl       0.5643056E+00    6.96             2.02       7.32        3.58          8.00          0
tra_dmp                   0.3233538E+00    3.99             1.69       6.12        5.25          1.00          4
tra_qsr                   0.5796762E-01    0.72             0.46       1.67        7.92          1.00          6
sbc_ssr                   0.3091745E-01    0.38             0.24       0.88        7.91          1.00          0
tra_adv_fct               0.2885979E-01    0.36             0.18       0.64        6.53          1.00          7
tra_ldf_iso               0.2713620E-01    0.33             0.20       0.71        7.60          1.00          0
parinter_init             0.2324470E-01    0.29             0.05       0.19        2.26          8.00          8
dom_hgr                   0.1991207E-01    0.25             0.16       0.57        7.96          1.00          8
ldf_slp                   0.1989884E-01    0.25             0.14       0.50        7.05          1.00          8
nonosc                    0.1917952E-01    0.24             0.13       0.48        7.66          2.00         10
sbc_stokes                0.1893316E-01    0.23             0.15       0.54        7.89          1.00         10
icedyn_rhg                0.1887996E-01    0.23             0.13       0.48        7.07          1.00          3
sbc                       0.1781966E-01    0.22             0.14       0.49        7.72          1.00         12
dyn_vor                   0.1585543E-01    0.20             0.12       0.44        7.70          1.00          2
tra_nxt                   0.1561255E-01    0.19             0.10       0.38        7.60          1.00          7
dyn_nxt                   0.1557899E-01    0.19             0.11       0.39        7.22          1.00          5
sbc_rnf                   0.1535440E-01    0.19             0.12       0.44        7.93          1.00         13
dyn_spg_ts                0.1410537E-01    0.17             0.10       0.36        7.35          1.00         11
dom_vvl_sf_swp            0.1311816E-01    0.16             0.10       0.36        7.70          1.00         13
tmx_itf                   0.1222996E-01    0.15             0.09       0.33        7.72          1.00         10
ldf_eiv_dia               0.1122831E-01    0.14             0.01       0.04        0.99          1.00          9
zdf_phy                   0.1075826E-01    0.13             0.08       0.31        8.14          1.00          5
zdf_tke_tke               0.1064052E-01    0.13             0.07       0.26        7.57          1.00          8
zdf_tmx                   0.1063299E-01    0.13             0.07       0.26        7.44          1.00          1
ice_dyn_adv_pra           0.1021702E-01    0.13             0.07       0.24        6.76          1.00         12
icestp                    0.8314007E-02    0.10             0.06       0.22        7.81          1.00         11
dom_vvl_sf_nxt            0.8196077E-02    0.10             0.06       0.22        7.47          2.00          3
dia_wri                   0.7322693E-02    0.09             0.05       0.18        7.16          1.00          0
dyn_zdf                   0.6450125E-02    0.08             0.05       0.16        7.27          1.00          2
div_hor                   0.6405292E-02    0.08             0.04       0.15        7.48          2.00          0
dyn_ldf                   0.6071519E-02    0.07             0.05       0.17        8.01          1.00          5
nemogcmcoup_lim2_get      0.5671031E-02    0.07             0.04       0.16        8.05          2.00          7
ldf_eiv_trp               0.5446491E-02    0.07             0.01       0.02        1.00          1.00         10
ldf_eiv                   0.5328314E-02    0.07             0.04       0.13        8.00          1.00         10
dyn_zad                   0.5314817E-02    0.07             0.04       0.13        8.04          1.00          7
tra_zdf_imp               0.5247899E-02    0.06             0.04       0.13        6.95          1.00         11
ice_dyn_adv_pra_adv_y     0.5196589E-02    0.06             0.04       0.15        8.78         13.00          8
wzv                       0.4498650E-02    0.06             0.03       0.12        8.11          2.00         10
eos-pot                   0.4478386E-02    0.06             0.03       0.11        7.55          3.00          4
tra_sbc                   0.4412400E-02    0.05             0.03       0.12        7.98          1.00          5
tra_adv                   0.4245739E-02    0.05             0.00       0.02        1.07          1.00          3
ice_dyn_adv_pra_adv_x     0.4179753E-02    0.05             0.03       0.10        7.52         13.00          5
zdf_ddm                   0.3690832E-02    0.05             0.02       0.09        7.83          1.00          2
nemogcmcoup_coupinit      0.3645029E-02    0.04             0.02       0.07        6.33          1.00          2
dyn_keg                   0.3618284E-02    0.04             0.03       0.10        8.02          1.00          8
dyn_hpg                   0.3511916E-02    0.04             0.02       0.09        8.08          1.00          7
zdf_sh2                   0.3461104E-02    0.04             0.02       0.08        7.64          1.00          6
bn2                       0.3356165E-02    0.04             0.02       0.09        8.10          2.00          4
parinter_fld_mult         0.3293430E-02    0.04             0.02       0.08        7.56         10.00          3
zdf_tke_avn               0.3243707E-02    0.04             0.02       0.08        8.68          1.00          5
rab_3d                    0.3215553E-02    0.04             0.02       0.08        7.67          2.00         12
scripremap_alloc          0.3209632E-02    0.04             0.01       0.02        2.11          8.00          3
zdf_evd                   0.3156650E-02    0.04             0.02       0.06        5.49          1.00          0
nemogcmcoup_wam_get       0.2972439E-02    0.04             0.01       0.04        8.02          1.00          6
zdf_mxl                   0.2837357E-02    0.04             0.01       0.05        5.19          1.00         10
icedyn_rdgrft             0.2693734E-02    0.03             0.01       0.04        7.55          1.00          8
stp_oceandyn              0.2296964E-02    0.03             0.02       0.07        9.41          1.00          0
ice_thd_jllopp            0.2295957E-02    0.03             0.01       0.03        5.53          1.00          8
sbc_isf_div               0.2150314E-02    0.03             0.01       0.03       12.93          2.00          9
icecor                    0.2006525E-02    0.02             0.01       0.04        7.24          2.00         13
ice_thd_main              0.1817916E-02    0.02             0.01       0.03        7.57          1.00          3
tra_bbl                   0.1815559E-02    0.02             0.01       0.05        7.38          1.00         12
stp_tracers               0.1801623E-02    0.02             0.01       0.05        7.49          1.00          0
sbc_sglcpl_ice_flx        0.1792929E-02    0.02             0.01       0.05        7.85          1.00          7
sbc_hbp                   0.1792055E-02    0.02             0.01       0.05        8.37          1.00          9
iceupdate_flx             0.1545229E-02    0.02             0.00       0.02        3.57          1.00         12
zps_hde                   0.1543459E-02    0.02             0.01       0.03        7.91          1.00          2
tra_zdf                   0.1328056E-02    0.02             0.01       0.04       12.59          1.00          3
nemogcmcoup_lim2_update   0.1315991E-02    0.02             0.01       0.03        8.02          1.00          4
eos-insitu                0.1161268E-02    0.01             0.01       0.03        7.73          1.00         11
nemogcmcoup_wam_coupinit  0.1110270E-02    0.01             0.01       0.02        5.88          1.00         11
zdf_drg                   0.1054744E-02    0.01             0.01       0.02        8.44          1.00         12
iceupdate_tau             0.1053107E-02    0.01             0.00       0.02        5.35          1.00          7
 
Averaged CPU time on all processors :
-------------------------------------
Section                   CPU Time(s)  CPU Time(%)    Elap. Time(s) Elap. Time(%) CPU/Elap
stp_ctl                   0.3926573E+02  142.50       1325961.36     ******        0.00
iom_put_p0k               0.3919440E+02  142.24       1325961.35     ******        0.00
nemo_init                 0.6481950E+01   23.52             3.21      39.55        2.02
scripremap_read_sgl       0.2015998E+01    7.32             0.56       6.95        3.58
tra_dmp                   0.1685786E+01    6.12             0.32       3.96        5.25
tra_qsr                   0.4589269E+00    1.67             0.06       0.71        7.92
sbc_ssr                   0.2435470E+00    0.88             0.03       0.38        7.91
tra_ldf_iso               0.1967405E+00    0.71             0.03       0.32        7.60
tra_adv_fct               0.1775478E+00    0.64             0.03       0.34        6.53
dom_hgr                   0.1559386E+00    0.57             0.02       0.24        7.96
sbc_stokes                0.1489638E+00    0.54             0.02       0.23        7.89
ldf_slp                   0.1372454E+00    0.50             0.02       0.24        7.05
sbc                       0.1360723E+00    0.49             0.02       0.22        7.72
icedyn_rhg                0.1330255E+00    0.48             0.02       0.23        7.07
nonosc                    0.1311955E+00    0.48             0.02       0.21        7.66
sbc_rnf                   0.1213720E+00    0.44             0.02       0.19        7.93
dyn_vor                   0.1201471E+00    0.44             0.02       0.19        7.70
dyn_nxt                   0.1084397E+00    0.39             0.02       0.19        7.22
tra_nxt                   0.1039903E+00    0.38             0.01       0.17        7.60
dyn_spg_ts                0.1003330E+00    0.36             0.01       0.17        7.35
dom_vvl_sf_swp            0.9813814E-01    0.36             0.01       0.16        7.70
tmx_itf                   0.9198864E-01    0.33             0.01       0.15        7.72
zdf_phy                   0.8466650E-01    0.31             0.01       0.13        8.14
zdf_tmx                   0.7239514E-01    0.26             0.01       0.12        7.44
zdf_tke_tke               0.7036071E-01    0.26             0.01       0.11        7.57
ice_dyn_adv_pra           0.6507293E-01    0.24             0.01       0.12        6.76
icestp                    0.6167143E-01    0.22             0.01       0.10        7.81
dom_vvl_sf_nxt            0.6008864E-01    0.22             0.01       0.10        7.47
parinter_init             0.5215257E-01    0.19             0.02       0.28        2.26
dia_wri                   0.4958857E-01    0.18             0.01       0.09        7.16
dyn_ldf                   0.4684271E-01    0.17             0.01       0.07        8.01
dyn_zdf                   0.4517407E-01    0.16             0.01       0.08        7.27
nemogcmcoup_lim2_get      0.4487100E-01    0.16             0.01       0.07        8.05
div_hor                   0.4210957E-01    0.15             0.01       0.07        7.48
ice_dyn_adv_pra_adv_y     0.4192264E-01    0.15             0.00       0.06        8.78
dyn_zad                   0.3671057E-01    0.13             0.00       0.06        8.04
ldf_eiv                   0.3644957E-01    0.13             0.00       0.06        8.00
tra_zdf_imp               0.3565893E-01    0.13             0.01       0.06        6.95
wzv                       0.3348086E-01    0.12             0.00       0.05        8.11
tra_sbc                   0.3218814E-01    0.12             0.00       0.05        7.98
eos-pot                   0.3074907E-01    0.11             0.00       0.05        7.55
ice_dyn_adv_pra_adv_x     0.2878750E-01    0.10             0.00       0.05        7.52
dyn_keg                   0.2657129E-01    0.10             0.00       0.04        8.02
zdf_ddm                   0.2417443E-01    0.09             0.00       0.04        7.83
bn2                       0.2403286E-01    0.09             0.00       0.04        8.10
dyn_hpg                   0.2393064E-01    0.09             0.00       0.04        8.08
zdf_tke_avn               0.2296579E-01    0.08             0.00       0.03        8.68
zdf_sh2                   0.2272257E-01    0.08             0.00       0.04        7.64
rab_3d                    0.2267207E-01    0.08             0.00       0.04        7.67
parinter_fld_mult         0.2112614E-01    0.08             0.00       0.03        7.56
nemogcmcoup_coupinit      0.2049614E-01    0.07             0.00       0.04        6.33
stp_oceandyn              0.1898321E-01    0.07             0.00       0.02        9.41
zdf_evd                   0.1584886E-01    0.06             0.00       0.04        5.49
sbc_hbp                   0.1444629E-01    0.05             0.00       0.02        8.37
zdf_mxl                   0.1381379E-01    0.05             0.00       0.03        5.19
stp_tracers               0.1309629E-01    0.05             0.00       0.02        7.49
sbc_sglcpl_ice_flx        0.1268321E-01    0.05             0.00       0.02        7.85
tra_bbl                   0.1257364E-01    0.05             0.00       0.02        7.38
icedyn_rdgrft             0.1230207E-01    0.04             0.00       0.02        7.55
nemogcmcoup_wam_get       0.1229893E-01    0.04             0.00       0.02        8.02
ldf_eiv_dia               0.1072571E-01    0.04             0.01       0.13        0.99
icecor                    0.9839071E-02    0.04             0.00       0.02        7.24
nemogcmcoup_lim2_update   0.9429571E-02    0.03             0.00       0.01        8.02
ice_thd_main              0.9084571E-02    0.03             0.00       0.01        7.57
zps_hde                   0.8972714E-02    0.03             0.00       0.01        7.91
ice_thd_jllopp            0.8240214E-02    0.03             0.00       0.02        5.53
eos-insitu                0.7859643E-02    0.03             0.00       0.01        7.73
scripremap_alloc          0.5711857E-02    0.02             0.00       0.03        2.11
ldf_eiv_trp               0.5318643E-02    0.02             0.01       0.07        1.00
iceupdate_flx             0.4602786E-02    0.02             0.00       0.02        3.57
tra_adv                   0.4358857E-02    0.02             0.00       0.05        1.07
 
Averaged inclusive timing on all processors :
---------------------------------------------
Section                   Elap. Time(s)  Elap. Time(%)  CPU Time(s)  CPU Time(%)  CPU/Elap Max elap(%)  Min elap(%)  Freq      Max time task
stp_ctl                   0.1325961E+07  ******            39.27     142.50        0.00   16359505.17    ******       1.00          7
iom_put_p0k               0.1325961E+07  ******            39.19     142.24        0.00   16359505.06    ******      11.00          7
nemo_init                 0.3225439E+01   39.79             6.64      24.09        2.06         39.60     39.54       1.00          0
scripremap_read_sgl       0.5657789E+00    6.98             2.02       7.34        3.57          6.96      6.94       8.00          0
stp_tracers               0.4840900E+00    5.97             2.78      10.09        5.75          0.02      0.02       1.00          0
nemogcmcoup_coupinit      0.3417138E+00    4.22             0.48       1.73        1.40          0.04      0.01       1.00          2
tra_dmp                   0.3213914E+00    3.97             1.69       6.12        5.25          3.99      3.96       1.00          4
sbc                       0.1448982E+00    1.79             1.10       4.01        7.62          0.22      0.21       1.00         12
stp_oceandyn              0.7473218E-01    0.92             0.58       2.10        7.73          0.03      0.02       1.00          0
tra_adv                   0.6446293E-01    0.80             0.33       1.19        5.10          0.05      0.05       1.00          3
icestp                    0.5822846E-01    0.72             0.42       1.53        7.24          0.10      0.09       1.00         11
tra_qsr                   0.5793819E-01    0.71             0.46       1.67        7.92          0.72      0.71       1.00          6
zdf_phy                   0.5684953E-01    0.70             0.43       1.55        7.54          0.13      0.12       1.00          5
tra_adv_fct               0.4438494E-01    0.55             0.31       1.12        6.96          0.36      0.31       1.00          7
sbc_ssr                   0.3080398E-01    0.38             0.24       0.88        7.91          0.38      0.38       1.00          0
tra_ldf_iso               0.2589877E-01    0.32             0.20       0.71        7.60          0.33      0.31       1.00          0
parinter_init             0.2326242E-01    0.29             0.05       0.19        2.24          0.29      0.28       8.00          8
zdf_tmx                   0.2168178E-01    0.27             0.16       0.60        7.59          0.13      0.12       1.00          1
dom_hgr                   0.1962409E-01    0.24             0.16       0.57        7.95          0.25      0.22       1.00          8
ice_dyn_adv_pra           0.1951150E-01    0.24             0.14       0.50        7.13          0.13      0.11       1.00         12
ldf_slp                   0.1949761E-01    0.24             0.14       0.50        7.04          0.25      0.23       1.00          8
icedyn_rhg                0.1899072E-01    0.23             0.13       0.49        7.08          0.23      0.23       1.00          3
sbc_stokes                0.1884101E-01    0.23             0.15       0.54        7.93          0.23      0.23       1.00         10
nonosc                    0.1717898E-01    0.21             0.13       0.48        7.64          0.24      0.19       2.00         10
ldf_eiv_trp               0.1604862E-01    0.20             0.02       0.06        0.99          0.07      0.06       1.00         10
dyn_vor                   0.1562145E-01    0.19             0.12       0.44        7.69          0.20      0.18       1.00          2
sbc_rnf                   0.1531144E-01    0.19             0.12       0.44        7.93          0.19      0.19       1.00         13
dyn_nxt                   0.1503983E-01    0.19             0.11       0.39        7.21          0.19      0.15       1.00          5
tra_nxt                   0.1370650E-01    0.17             0.10       0.38        7.59          0.19      0.16       1.00          7
dyn_spg_ts                0.1357333E-01    0.17             0.10       0.36        7.39          0.17      0.16       1.00         11
dom_vvl_sf_swp            0.1277434E-01    0.16             0.10       0.36        7.68          0.16      0.14       1.00         13
tmx_itf                   0.1194533E-01    0.15             0.09       0.33        7.70          0.15      0.14       1.00         10
ldf_eiv_dia               0.1070924E-01    0.13             0.01       0.04        0.99          0.14      0.11       1.00          9
zdf_tke_tke               0.9320538E-02    0.11             0.07       0.26        7.55          0.13      0.10       1.00          8
dom_vvl_sf_nxt            0.8089012E-02    0.10             0.06       0.22        7.43          0.10      0.09       2.00          3
nemogcmcoup_lim2_get      0.6751420E-02    0.08             0.05       0.19        7.61          0.07      0.06       2.00          7
div_hor                   0.6368732E-02    0.08             0.05       0.18        7.97          0.08      0.05       2.00          0
dyn_zdf                   0.6281003E-02    0.08             0.05       0.17        7.25          0.08      0.07       1.00          2
dia_wri                   0.6260297E-02    0.08             0.05       0.18        7.93          0.09      0.08       1.00          0
dyn_ldf                   0.5868926E-02    0.07             0.05       0.17        7.98          0.07      0.07       1.00          5
tra_zdf_imp               0.5156198E-02    0.06             0.04       0.13        6.92          0.06      0.06       1.00         11
ice_dyn_adv_pra_adv_y     0.5064709E-02    0.06             0.04       0.15        8.28          0.06      0.05      13.00          8
dyn_zad                   0.4589011E-02    0.06             0.04       0.13        8.00          0.07      0.05       1.00          7
ldf_eiv                   0.4576296E-02    0.06             0.04       0.13        7.96          0.07      0.05       1.00         10
wzv                       0.4172569E-02    0.05             0.03       0.12        8.02          0.06      0.05       2.00         10
eos-pot                   0.4141123E-02    0.05             0.03       0.11        7.43          0.06      0.04       3.00          4
ice_dyn_adv_pra_adv_x     0.4120649E-02    0.05             0.03       0.10        6.99          0.05      0.04      13.00          5
tra_sbc                   0.4054840E-02    0.05             0.03       0.12        7.94          0.05      0.05       1.00          5
dyn_keg                   0.3337474E-02    0.04             0.03       0.10        7.96          0.04      0.04       1.00          8
zdf_mxl                   0.3112547E-02    0.04             0.02       0.06        5.55          0.04      0.03       1.00         10
zdf_ddm                   0.3111318E-02    0.04             0.02       0.09        7.77          0.05      0.04       1.00          2
sbc_hbp                   0.3102215E-02    0.04             0.02       0.09        7.90          0.02      0.02       1.00          9
parinter_fld_mult         0.3016283E-02    0.04             0.02       0.08        7.00          0.04      0.03      10.00          3
bn2                       0.3010935E-02    0.04             0.02       0.09        7.98          0.04      0.03       2.00          4
rab_3d                    0.3002261E-02    0.04             0.02       0.08        7.55          0.04      0.03       2.00         12
zdf_sh2                   0.2996293E-02    0.04             0.02       0.08        7.58          0.04      0.03       1.00          6
dyn_hpg                   0.2985707E-02    0.04             0.02       0.09        8.02          0.04      0.03       1.00          7
zdf_evd                   0.2868072E-02    0.04             0.02       0.06        5.70          0.04      0.03       1.00          0
zdf_tke_avn               0.2668645E-02    0.03             0.02       0.08        8.61          0.04      0.02       1.00          5
scripremap_alloc          0.2537078E-02    0.03             0.01       0.02        2.19          0.04      0.02       8.00          3
nemogcmcoup_lim2_update   0.2204129E-02    0.03             0.02       0.06        7.92          0.02      0.01       1.00          4
tra_bbl                   0.2020549E-02    0.02             0.01       0.05        7.42          0.02      0.02       1.00         12
icecor                    0.1684097E-02    0.02             0.01       0.05        7.66          0.02      0.01       2.00         13
icedyn_rdgrft             0.1651696E-02    0.02             0.01       0.04        7.45          0.03      0.01       1.00          8
nemogcmcoup_wam_get       0.1643844E-02    0.02             0.01       0.05        7.92          0.04      0.00       1.00          6
sbc_sglcpl_ice_flx        0.1593334E-02    0.02             0.01       0.05        7.95          0.02      0.02       1.00          7
ice_thd_jllopp            0.1512094E-02    0.02             0.01       0.03        5.45          0.03      0.01       1.00          8
zps_hde                   0.1484704E-02    0.02             0.01       0.04        7.74          0.02      0.01       1.00          2
ice_thd_main              0.1222229E-02    0.02             0.01       0.03        7.43          0.02      0.00       1.00          3
eos-insitu                0.1039401E-02    0.01             0.01       0.03        7.56          0.01      0.01       1.00         11
iceupdate_flx             0.6856948E-03    0.01             0.01       0.02        7.99          0.02      0.01       1.00         12
 
Averaged inclusive CPU time on all processors :
-----------------------------------------------
Section                   CPU Time(s)  CPU Time(%)    Elap. Time(s) Elap. Time(%) CPU/Elap
stp_ctl                   0.3926573E+02  142.50       1325961.36     ******        0.00
iom_put_p0k               0.3919440E+02  142.24       1325961.35     ******        0.00
nemo_init                 0.6481950E+01   23.52             3.21      39.55        2.02
stp_tracers               0.1309629E-01    0.05             0.00       0.02        7.49
scripremap_read_sgl       0.2015998E+01    7.32             0.56       6.95        3.58
tra_dmp                   0.1685786E+01    6.12             0.32       3.96        5.25
sbc                       0.1360723E+00    0.49             0.02       0.22        7.72
stp_oceandyn              0.1898321E-01    0.07             0.00       0.02        9.41
nemogcmcoup_coupinit      0.2049614E-01    0.07             0.00       0.04        6.33
tra_qsr                   0.4589269E+00    1.67             0.06       0.71        7.92
zdf_phy                   0.8466650E-01    0.31             0.01       0.13        8.14
icestp                    0.6167143E-01    0.22             0.01       0.10        7.81
tra_adv                   0.4358857E-02    0.02             0.00       0.05        1.07
tra_adv_fct               0.1775478E+00    0.64             0.03       0.34        6.53
sbc_ssr                   0.2435470E+00    0.88             0.03       0.38        7.91
tra_ldf_iso               0.1967405E+00    0.71             0.03       0.32        7.60
zdf_tmx                   0.7239514E-01    0.26             0.01       0.12        7.44
dom_hgr                   0.1559386E+00    0.57             0.02       0.24        7.96
sbc_stokes                0.1489638E+00    0.54             0.02       0.23        7.89
ice_dyn_adv_pra           0.6507293E-01    0.24             0.01       0.12        6.76
ldf_slp                   0.1372454E+00    0.50             0.02       0.24        7.05
icedyn_rhg                0.1330255E+00    0.48             0.02       0.23        7.07
nonosc                    0.1311955E+00    0.48             0.02       0.21        7.66
sbc_rnf                   0.1213720E+00    0.44             0.02       0.19        7.93
dyn_vor                   0.1201471E+00    0.44             0.02       0.19        7.70
dyn_nxt                   0.1084397E+00    0.39             0.02       0.19        7.22
tra_nxt                   0.1039903E+00    0.38             0.01       0.17        7.60
dyn_spg_ts                0.1003330E+00    0.36             0.01       0.17        7.35
dom_vvl_sf_swp            0.9813814E-01    0.36             0.01       0.16        7.70
tmx_itf                   0.9198864E-01    0.33             0.01       0.15        7.72
zdf_tke_tke               0.7036071E-01    0.26             0.01       0.11        7.57
dom_vvl_sf_nxt            0.6008864E-01    0.22             0.01       0.10        7.47
parinter_init             0.5215257E-01    0.19             0.02       0.28        2.26
nemogcmcoup_lim2_get      0.4487100E-01    0.16             0.01       0.07        8.05
div_hor                   0.4210957E-01    0.15             0.01       0.07        7.48
dia_wri                   0.4958857E-01    0.18             0.01       0.09        7.16
dyn_ldf                   0.4684271E-01    0.17             0.01       0.07        8.01
dyn_zdf                   0.4517407E-01    0.16             0.01       0.08        7.27
ice_dyn_adv_pra_adv_y     0.4192264E-01    0.15             0.00       0.06        8.78
dyn_zad                   0.3671057E-01    0.13             0.00       0.06        8.04
ldf_eiv                   0.3644957E-01    0.13             0.00       0.06        8.00
tra_zdf_imp               0.3565893E-01    0.13             0.01       0.06        6.95
wzv                       0.3348086E-01    0.12             0.00       0.05        8.11
tra_sbc                   0.3218814E-01    0.12             0.00       0.05        7.98
eos-pot                   0.3074907E-01    0.11             0.00       0.05        7.55
ice_dyn_adv_pra_adv_x     0.2878750E-01    0.10             0.00       0.05        7.52
dyn_keg                   0.2657129E-01    0.10             0.00       0.04        8.02
sbc_hbp                   0.1444629E-01    0.05             0.00       0.02        8.37
zdf_ddm                   0.2417443E-01    0.09             0.00       0.04        7.83
bn2                       0.2403286E-01    0.09             0.00       0.04        8.10
dyn_hpg                   0.2393064E-01    0.09             0.00       0.04        8.08
zdf_tke_avn               0.2296579E-01    0.08             0.00       0.03        8.68
zdf_sh2                   0.2272257E-01    0.08             0.00       0.04        7.64
rab_3d                    0.2267207E-01    0.08             0.00       0.04        7.67
parinter_fld_mult         0.2112614E-01    0.08             0.00       0.03        7.56
nemogcmcoup_lim2_update   0.9429571E-02    0.03             0.00       0.01        8.02
zdf_mxl                   0.1381379E-01    0.05             0.00       0.03        5.19
zdf_evd                   0.1584886E-01    0.06             0.00       0.04        5.49
ldf_eiv_trp               0.5318643E-02    0.02             0.01       0.07        1.00
tra_bbl                   0.1257364E-01    0.05             0.00       0.02        7.38
nemogcmcoup_wam_get       0.1229893E-01    0.04             0.00       0.02        8.02
icecor                    0.9839071E-02    0.04             0.00       0.02        7.24
sbc_sglcpl_ice_flx        0.1268321E-01    0.05             0.00       0.02        7.85
icedyn_rdgrft             0.1230207E-01    0.04             0.00       0.02        7.55
zps_hde                   0.8972714E-02    0.03             0.00       0.01        7.91
ldf_eiv_dia               0.1072571E-01    0.04             0.01       0.13        0.99
ice_thd_main              0.9084571E-02    0.03             0.00       0.01        7.57
ice_thd_jllopp            0.8240214E-02    0.03             0.00       0.02        5.53
eos-insitu                0.7859643E-02    0.03             0.00       0.01        7.73
scripremap_alloc          0.5711857E-02    0.02             0.00       0.03        2.11
iceupdate_flx             0.4602786E-02    0.02             0.00       0.02        3.57
 
 MPI summary report :
 --------------------

 Process Rank | Elapsed Time (s) | CPU Time (s) | Ratio CPU/Elapsed
 -------------|------------------|--------------|------------------
         0    |       8.105      |      25.660  |      3.166
         1    |       8.105      |      27.679  |      3.415
         2    |       8.105      |      27.727  |      3.421
         3    |       8.105      |      27.659  |      3.412
         4    |       8.105      |      27.759  |      3.425
         5    |       8.105      |      27.770  |      3.426
         6    |       8.105      |      27.647  |      3.411
         7    |       8.105      |      27.751  |      3.424
         8    |       8.105      |      27.698  |      3.417
         9    |       8.105      |      27.733  |      3.422
        10    |       8.105      |      27.607  |      3.406
        11    |       8.105      |      27.746  |      3.423
        12    |       8.105      |      27.642  |      3.410
        13    |       8.105      |      27.685  |      3.416
 -------------|------------------|--------------|------------------
 Total        |     113.472      |     385.763  |      3.400
 -------------|------------------|--------------|------------------
 Minimum      |       8.105      |      25.660  |      3.166
 -------------|------------------|--------------|------------------
 Maximum      |       8.105      |      27.770  |      3.426
 -------------|------------------|--------------|------------------
 Average      |       8.105      |      27.554  |      3.400
 
 Detailed timing for proc :           0
 --------------------------
 Section                     Elapsed Time (s)  Elapsed Time (%)  CPU Time(s)  
 CPU Time (%)  CPU/Elapsed  Frequency
 stp_ctl                      1325957.848      16358929.105       36.816       143.480        0.000          1
 iom_put_p0k                  1325957.838      16358928.987       36.742       143.190        0.000         11
 nemo_init                          3.209            39.594        5.508        21.465        1.716          1
 scripremap_read_sgl                0.564             6.962        1.604         6.251        2.842          8
 tra_dmp                            0.321             3.964        1.560         6.080        4.856          1
 tra_qsr                            0.058             0.714        0.461         1.795        7.957          1
 sbc_ssr                            0.031             0.381        0.220         0.859        7.129          1
 tra_adv_fct                        0.029             0.355        0.198         0.773        6.888          1
 tra_ldf_iso                        0.027             0.335        0.208         0.811        7.667          1
 parinter_init                      0.023             0.284        0.052         0.203        2.267          8
 ldf_slp                            0.019             0.233        0.133         0.517        7.022          1
 sbc_stokes                         0.019             0.233        0.149         0.579        7.884          1
 icedyn_rhg                         0.019             0.231        0.133         0.517        7.099          1
 dom_hgr                            0.018             0.223        0.144         0.561        7.977          1
 sbc                                0.018             0.220        0.131         0.510        7.342          1
 dyn_vor                            0.016             0.194        0.120         0.466        7.593          1
 tra_nxt                            0.016             0.192        0.119         0.462        7.616          1
 nonosc                             0.015             0.191        0.119         0.464        7.698          2
 sbc_rnf                            0.015             0.189        0.115         0.447        7.483          1
 dyn_spg_ts                         0.013             0.161        0.095         0.371        7.293          1
 dyn_nxt                            0.013             0.155        0.091         0.356        7.286          1
 dom_vvl_sf_swp                     0.012             0.144        0.089         0.348        7.678          1
 tmx_itf                            0.011             0.140        0.089         0.349        7.909          1
 ldf_eiv_dia                        0.011             0.137        0.011         0.043        0.983          1
 zdf_tmx                            0.010             0.128        0.075         0.291        7.189          1
 zdf_phy                            0.010             0.127        0.080         0.312        7.814          1
 zdf_tke_tke                        0.010             0.119        0.071         0.275        7.345          1
 ice_dyn_adv_pra                    0.009             0.115        0.059         0.230        6.309          1
 icestp                             0.008             0.099        0.062         0.243        7.782          1
 dom_vvl_sf_nxt                     0.008             0.094        0.058         0.226        7.576          2
 dia_wri                            0.007             0.090        0.051         0.200        7.004          1
 dyn_zdf                            0.006             0.079        0.045         0.175        7.018          1
 div_hor                            0.006             0.079        0.050         0.193        7.751          2
 dyn_ldf                            0.006             0.072        0.047         0.183        8.031          1
 ldf_eiv_trp                        0.005             0.067        0.005         0.021        1.003          1
 tra_zdf_imp                        0.005             0.064        0.036         0.138        6.899          1
 nemogcmcoup_lim2_get               0.005             0.063        0.041         0.160        8.039          2
 ldf_eiv                            0.005             0.062        0.041         0.158        8.024          1
 ice_dyn_adv_pra_adv_y              0.005             0.061        0.051         0.197       10.193         13
 dyn_zad                            0.004             0.055        0.036         0.139        8.078          1
 wzv                                0.004             0.050        0.033         0.129        8.138          2
 tra_adv                            0.004             0.047        0.004         0.015        1.031          1
 tra_sbc                            0.004             0.047        0.031         0.120        8.019          1
 ice_dyn_adv_pra_adv_x              0.004             0.047        0.027         0.106        7.140         13
 eos-pot                            0.004             0.044        0.028         0.109        7.848          3
 dyn_hpg                            0.003             0.043        0.028         0.110        8.061          1
 dyn_keg                            0.003             0.043        0.028         0.109        8.050          1
 zdf_evd                            0.003             0.039        0.016         0.064        5.180          1
 zdf_tke_avn                        0.003             0.038        0.031         0.120        9.924          1
 zdf_ddm                            0.003             0.038        0.025         0.096        7.907          1
 rab_3d                             0.003             0.034        0.022         0.084        7.867          2
 bn2                                0.003             0.034        0.023         0.088        8.254          2
 parinter_fld_mult                  0.003             0.034        0.022         0.087        8.172         10
 zdf_sh2                            0.003             0.034        0.021         0.083        7.785          1
 zdf_mxl                            0.003             0.033        0.014         0.053        5.133          1
 stp_oceandyn                       0.002             0.028        0.022         0.085        9.532          1
 icecor                             0.002             0.023        0.013         0.050        6.881          2
 stp_tracers                        0.002             0.022        0.013         0.049        6.994          1
 sbc_hbp                            0.002             0.022        0.014         0.053        7.667          1
 scripremap_alloc                   0.002             0.022        0.002         0.009        1.301          8
 sbc_sglcpl_ice_flx                 0.002             0.022        0.014         0.053        7.819          1
 ice_thd_main                       0.002             0.021        0.013         0.051        7.516          1
 tra_bbl                            0.002             0.021        0.012         0.049        7.297          1
 iceupdate_flx                      0.002             0.019        0.005         0.019        3.232          1
 nemogcmcoup_wam_get                0.002             0.019        0.012         0.048        8.088          1
 nemogcmcoup_lim2_update            0.001             0.014        0.009         0.036        7.910          1
 nemogcmcoup_coupinit               0.001             0.013        0.003         0.012        2.845          1
 nemogcmcoup_wam_coupinit           0.001             0.013        0.005         0.021        5.351          1
 eos-insitu                         0.001             0.013        0.008         0.032        8.143          1
 
 Detailed CPU timing for proc :           0
 ------------------------------
 Section                     CPU Time (s)      CPU Time (%)      Elapsed (s)  
 ELapsed (%)   CPU/Elapsed  Frequency
 stp_ctl                           36.816           143.480  1325957.848  16358929.105        0.000          1
 iom_put_p0k                       36.742           143.190  1325957.838  16358928.987        0.000         11
 nemo_init                          5.508            21.465        3.209        39.594        1.716          1
 scripremap_read_sgl                1.604             6.251        0.564         6.962        2.842          8
 tra_dmp                            1.560             6.080        0.321         3.964        4.856          1
 tra_qsr                            0.461             1.795        0.058         0.714        7.957          1
 sbc_ssr                            0.220             0.859        0.031         0.381        7.129          1
 tra_ldf_iso                        0.208             0.811        0.027         0.335        7.667          1
 tra_adv_fct                        0.198             0.773        0.029         0.355        6.888          1
 sbc_stokes                         0.149             0.579        0.019         0.233        7.884          1
 dom_hgr                            0.144             0.561        0.018         0.223        7.977          1
 icedyn_rhg                         0.133             0.517        0.019         0.231        7.099          1
 ldf_slp                            0.133             0.517        0.019         0.233        7.022          1
 sbc                                0.131             0.510        0.018         0.220        7.342          1
 dyn_vor                            0.120             0.466        0.016         0.194        7.593          1
 nonosc                             0.119             0.464        0.015         0.191        7.698          2
 tra_nxt                            0.119             0.462        0.016         0.192        7.616          1
 sbc_rnf                            0.115             0.447        0.015         0.189        7.483          1
 dyn_spg_ts                         0.095             0.371        0.013         0.161        7.293          1
 dyn_nxt                            0.091             0.356        0.013         0.155        7.286          1
 tmx_itf                            0.089             0.349        0.011         0.140        7.909          1
 dom_vvl_sf_swp                     0.089             0.348        0.012         0.144        7.678          1
 zdf_phy                            0.080             0.312        0.010         0.127        7.814          1
 zdf_tmx                            0.075             0.291        0.010         0.128        7.189          1
 zdf_tke_tke                        0.071             0.275        0.010         0.119        7.345          1
 icestp                             0.062             0.243        0.008         0.099        7.782          1
 ice_dyn_adv_pra                    0.059             0.230        0.009         0.115        6.309          1
 dom_vvl_sf_nxt                     0.058             0.226        0.008         0.094        7.576          2
 parinter_init                      0.052             0.203        0.023         0.284        2.267          8
 dia_wri                            0.051             0.200        0.007         0.090        7.004          1
 ice_dyn_adv_pra_adv_y              0.051             0.197        0.005         0.061       10.193         13
 div_hor                            0.050             0.193        0.006         0.079        7.751          2
 dyn_ldf                            0.047             0.183        0.006         0.072        8.031          1
 dyn_zdf                            0.045             0.175        0.006         0.079        7.018          1
 nemogcmcoup_lim2_get               0.041             0.160        0.005         0.063        8.039          2
 ldf_eiv                            0.041             0.158        0.005         0.062        8.024          1
 dyn_zad                            0.036             0.139        0.004         0.055        8.078          1
 tra_zdf_imp                        0.036             0.138        0.005         0.064        6.899          1
 wzv                                0.033             0.129        0.004         0.050        8.138          2
 zdf_tke_avn                        0.031             0.120        0.003         0.038        9.924          1
 tra_sbc                            0.031             0.120        0.004         0.047        8.019          1
 dyn_hpg                            0.028             0.110        0.003         0.043        8.061          1
 eos-pot                            0.028             0.109        0.004         0.044        7.848          3
 dyn_keg                            0.028             0.109        0.003         0.043        8.050          1
 ice_dyn_adv_pra_adv_x              0.027             0.106        0.004         0.047        7.140         13
 zdf_ddm                            0.025             0.096        0.003         0.038        7.907          1
 bn2                                0.023             0.088        0.003         0.034        8.254          2
 parinter_fld_mult                  0.022             0.087        0.003         0.034        8.172         10
 stp_oceandyn                       0.022             0.085        0.002         0.028        9.532          1
 rab_3d                             0.022             0.084        0.003         0.034        7.867          2
 zdf_sh2                            0.021             0.083        0.003         0.034        7.785          1
 zdf_evd                            0.016             0.064        0.003         0.039        5.180          1
 sbc_hbp                            0.014             0.053        0.002         0.022        7.667          1
 zdf_mxl                            0.014             0.053        0.003         0.033        5.133          1
 sbc_sglcpl_ice_flx                 0.014             0.053        0.002         0.022        7.819          1
 ice_thd_main                       0.013             0.051        0.002         0.021        7.516          1
 icecor                             0.013             0.050        0.002         0.023        6.881          2
 stp_tracers                        0.013             0.049        0.002         0.022        6.994          1
 tra_bbl                            0.012             0.049        0.002         0.021        7.297          1
 nemogcmcoup_wam_get                0.012             0.048        0.002         0.019        8.088          1
 ldf_eiv_dia                        0.011             0.043        0.011         0.137        0.983          1
 nemogcmcoup_lim2_update            0.009             0.036        0.001         0.014        7.910          1
 eos-insitu                         0.008             0.032        0.001         0.013        8.143          1
 nemogcmcoup_wam_coupinit           0.005             0.021        0.001         0.013        5.351          1
 ldf_eiv_trp                        0.005             0.021        0.005         0.067        1.003          1
 iceupdate_flx                      0.005             0.019        0.002         0.019        3.232          1
 tra_adv                            0.004             0.015        0.004         0.047        1.031          1
 nemogcmcoup_coupinit               0.003             0.012        0.001         0.013        2.845          1
 scripremap_alloc                   0.002             0.009        0.002         0.022        1.301          8
 
 Inclusive timing for proc :           0
 ---------------------------
 Section                     Elapsed Time (s)      % of total        
 CPU Time (s)      CPU/Elapsed      Frequency
 stp_ctl                      1325957.848           100.000            36.816             0.000              1
 iom_put_p0k                  1325957.838           100.000            36.742             0.000             11
 nemo_init                          3.227             0.000             5.652             1.751              1
 scripremap_read_sgl                0.566             0.000             1.606             2.838              8
 stp_tracers                        0.485             0.000             2.673             5.516              1
 nemogcmcoup_coupinit               0.340             0.000             0.246             0.725              1
 tra_dmp                            0.321             0.000             1.560             4.855              1
 nemogcmcoup_wam_coupinit           0.252             0.000             1.421             5.647              1
 stp_sbc                            0.145             0.000             1.067             7.360              1
 sbc                                0.145             0.000             1.067             7.360              1
 stp_oceandyn                       0.075             0.000             0.577             7.709              1
 tra_adv                            0.065             0.000             0.338             5.231              1
 icestp                             0.058             0.000             0.421             7.222              1
 tra_qsr                            0.058             0.000             0.461             7.953              1
 stp_vertical                       0.057             0.000             0.428             7.475              1
 zdf_phy                            0.057             0.000             0.428             7.474              1
 tra_adv_fct                        0.044             0.000             0.318             7.156              1
 ice_dyn                            0.041             0.000             0.292             7.141              1
 sbc_ssr                            0.031             0.000             0.220             7.122              1
 tra_ldf                            0.027             0.000             0.209             7.696              1
 tra_ldf_iso                        0.027             0.000             0.208             7.659              1
 stp_lateral                        0.027             0.000             0.193             7.246              1
 parinter_init                      0.023             0.000             0.052             2.243              8
 zdf_tmx                            0.022             0.000             0.164             7.554              1
 icedyn_adv                         0.020             0.000             0.145             7.244              1
 ice_dyn_adv_pra                    0.020             0.000             0.140             7.199              1
 sbc_wave_sglexe                    0.019             0.000             0.151             7.930              1
 icedyn_rhg                         0.019             0.000             0.135             7.110              1
 ldf_slp                            0.019             0.000             0.133             7.011              1
 sbc_stokes                         0.019             0.000             0.149             7.932              1
 dom_hgr                            0.018             0.000             0.144             7.963              1
 ldf_eiv_trp                        0.016             0.000             0.016             0.987              1
 dyn_vor                            0.016             0.000             0.120             7.579              1
 tra_nxt                            0.016             0.000             0.119             7.602              1
 nonosc                             0.016             0.000             0.119             7.668              2
 sbc_rnf                            0.015             0.000             0.115             7.484              1
 dyn_spg                            0.013             0.000             0.095             7.359              1
 dyn_spg_ts                         0.013             0.000             0.095             7.358              1
 dyn_nxt                            0.013             0.000             0.091             7.269              1
 dom_vvl_sf_swp                     0.012             0.000             0.089             7.658              1
 tmx_itf                            0.011             0.000             0.089             7.888              1
 ldf_eiv_dia                        0.011             0.000             0.011             0.982              1
 zdf_tke_tke                        0.010             0.000             0.071             7.322              1
 dyn_adv                            0.008             0.000             0.064             7.971              1
 dom_vvl_sf_nxt                     0.008             0.000             0.058             7.516              2
 stp_diag                           0.006             0.000             0.051             7.938              1
 dyn_zdf                            0.006             0.000             0.045             7.002              1
 div_hor                            0.006             0.000             0.051             8.015              2
 dia_wri                            0.006             0.000             0.051             7.939              1
 nemogcmcoup_lim2_get               0.006             0.000             0.047             7.620              2
 dyn_ldf                            0.006             0.000             0.047             7.990              1
 stp_thermodyn                      0.006             0.000             0.045             7.764              1
 tra_zdf                            0.005             0.000             0.043             7.897              1
 ice_dyn_adv_pra_adv_y              0.005             0.000             0.051             9.447             13
 tra_zdf_imp                        0.005             0.000             0.036             6.859              1
 ldf_tra                            0.005             0.000             0.041             7.972              1
 ldf_eiv                            0.005             0.000             0.041             7.977              1
 icethd                             0.005             0.000             0.034             6.728              1
 dyn_zad                            0.004             0.000             0.036             8.023              1
 ice_dyn_adv_pra_adv_x              0.004             0.000             0.027             6.471             13
 wzv                                0.004             0.000             0.033             8.020              2
 ssh_nxt                            0.004             0.000             0.031             8.002              1
 tra_sbc                            0.004             0.000             0.031             7.957              1
 eos-pot                            0.004             0.000             0.028             7.654              3
 dyn_hpg                            0.004             0.000             0.028             7.992              1
 dyn_keg                            0.004             0.000             0.028             7.981              1
 zdf_mxl                            0.003             0.000             0.018             5.619              1
 zdf_tke_avn                        0.003             0.000             0.031             9.828              1
 zdf_ddm                            0.003             0.000             0.025             7.831              1
 zdf_evd                            0.003             0.000             0.016             5.236              1
 parinter_fld_mult                  0.003             0.000             0.022             7.359             10
 sbc_hbp                            0.003             0.000             0.023             7.905              1
 rab_3d                             0.003             0.000             0.022             7.698              2
 bn2                                0.003             0.000             0.023             8.076              2
 zdf_sh2                            0.003             0.000             0.021             7.699              1
 nemogcmcoup_lim2_update            0.002             0.000             0.017             7.935              1
 icecor                             0.002             0.000             0.015             7.036              2
 icesbc                             0.002             0.000             0.016             7.974              2
 tra_bbl                            0.002             0.000             0.015             7.478              1
 ice_thd_main                       0.002             0.000             0.013             7.386              1
 sbc_sglcpl_ice_flx                 0.002             0.000             0.014             7.935              1
 nemogcmcoup_wam_get                0.002             0.000             0.013             7.977              1
 scripremap_alloc                   0.002             0.000             0.002             1.263              8
 zps_hde                            0.001             0.000             0.010             7.727              1
 eos-insitu                         0.001             0.000             0.008             7.908              1
 
 Inclusive timing for proc :           0
 ---------------------------
 Section                     Elapsed Time (s)      % of total        
 CPU Time (s)      CPU/Elapsed      Frequency
 stp_ctl                      1325957.848           100.000            36.816             0.000              1
 iom_put_p0k                  1325957.838           100.000            36.742             0.000             11
 nemo_init                          3.227             0.000             5.652             1.751              1
 scripremap_read_sgl                0.566             0.000             1.606             2.838              8
 stp_tracers                        0.485             0.000             2.673             5.516              1
 nemogcmcoup_coupinit               0.340             0.000             0.246             0.725              1
 tra_dmp                            0.321             0.000             1.560             4.855              1
 nemogcmcoup_wam_coupinit           0.252             0.000             1.421             5.647              1
 stp_sbc                            0.145             0.000             1.067             7.360              1
 sbc                                0.145             0.000             1.067             7.360              1
 stp_oceandyn                       0.075             0.000             0.577             7.709              1
 tra_adv                            0.065             0.000             0.338             5.231              1
 icestp                             0.058             0.000             0.421             7.222              1
 tra_qsr                            0.058             0.000             0.461             7.953              1
 stp_vertical                       0.057             0.000             0.428             7.475              1
 zdf_phy                            0.057             0.000             0.428             7.474              1
 tra_adv_fct                        0.044             0.000             0.318             7.156              1
 ice_dyn                            0.041             0.000             0.292             7.141              1
 sbc_ssr                            0.031             0.000             0.220             7.122              1
 tra_ldf                            0.027             0.000             0.209             7.696              1
 tra_ldf_iso                        0.027             0.000             0.208             7.659              1
 stp_lateral                        0.027             0.000             0.193             7.246              1
 parinter_init                      0.023             0.000             0.052             2.243              8
 zdf_tmx                            0.022             0.000             0.164             7.554              1
 icedyn_adv                         0.020             0.000             0.145             7.244              1
 ice_dyn_adv_pra                    0.020             0.000             0.140             7.199              1
 sbc_wave_sglexe                    0.019             0.000             0.151             7.930              1
 icedyn_rhg                         0.019             0.000             0.135             7.110              1
 ldf_slp                            0.019             0.000             0.133             7.011              1
 sbc_stokes                         0.019             0.000             0.149             7.932              1
 dom_hgr                            0.018             0.000             0.144             7.963              1
 ldf_eiv_trp                        0.016             0.000             0.016             0.987              1
 dyn_vor                            0.016             0.000             0.120             7.579              1
 tra_nxt                            0.016             0.000             0.119             7.602              1
 nonosc                             0.016             0.000             0.119             7.668              2
 sbc_rnf                            0.015             0.000             0.115             7.484              1
 dyn_spg                            0.013             0.000             0.095             7.359              1
 dyn_spg_ts                         0.013             0.000             0.095             7.358              1
 dyn_nxt                            0.013             0.000             0.091             7.269              1
 dom_vvl_sf_swp                     0.012             0.000             0.089             7.658              1
 tmx_itf                            0.011             0.000             0.089             7.888              1
 ldf_eiv_dia                        0.011             0.000             0.011             0.982              1
 zdf_tke_tke                        0.010             0.000             0.071             7.322              1
 dyn_adv                            0.008             0.000             0.064             7.971              1
 dom_vvl_sf_nxt                     0.008             0.000             0.058             7.516              2
 stp_diag                           0.006             0.000             0.051             7.938              1
 dyn_zdf                            0.006             0.000             0.045             7.002              1
 div_hor                            0.006             0.000             0.051             8.015              2
 dia_wri                            0.006             0.000             0.051             7.939              1
 nemogcmcoup_lim2_get               0.006             0.000             0.047             7.620              2
 dyn_ldf                            0.006             0.000             0.047             7.990              1
 stp_thermodyn                      0.006             0.000             0.045             7.764              1
 tra_zdf                            0.005             0.000             0.043             7.897              1
 ice_dyn_adv_pra_adv_y              0.005             0.000             0.051             9.447             13
 tra_zdf_imp                        0.005             0.000             0.036             6.859              1
 ldf_tra                            0.005             0.000             0.041             7.972              1
 ldf_eiv                            0.005             0.000             0.041             7.977              1
 icethd                             0.005             0.000             0.034             6.728              1
 dyn_zad                            0.004             0.000             0.036             8.023              1
 ice_dyn_adv_pra_adv_x              0.004             0.000             0.027             6.471             13
 wzv                                0.004             0.000             0.033             8.020              2
 ssh_nxt                            0.004             0.000             0.031             8.002              1
 tra_sbc                            0.004             0.000             0.031             7.957              1
 eos-pot                            0.004             0.000             0.028             7.654              3
 dyn_hpg                            0.004             0.000             0.028             7.992              1
 dyn_keg                            0.004             0.000             0.028             7.981              1
 zdf_mxl                            0.003             0.000             0.018             5.619              1
 zdf_tke_avn                        0.003             0.000             0.031             9.828              1
 zdf_ddm                            0.003             0.000             0.025             7.831              1
 zdf_evd                            0.003             0.000             0.016             5.236              1
 parinter_fld_mult                  0.003             0.000             0.022             7.359             10
 sbc_hbp                            0.003             0.000             0.023             7.905              1
 rab_3d                             0.003             0.000             0.022             7.698              2
 bn2                                0.003             0.000             0.023             8.076              2
 zdf_sh2                            0.003             0.000             0.021             7.699              1
 nemogcmcoup_lim2_update            0.002             0.000             0.017             7.935              1
 icecor                             0.002             0.000             0.015             7.036              2
 icesbc                             0.002             0.000             0.016             7.974              2
 tra_bbl                            0.002             0.000             0.015             7.478              1
 ice_thd_main                       0.002             0.000             0.013             7.386              1
 sbc_sglcpl_ice_flx                 0.002             0.000             0.014             7.935              1
 nemogcmcoup_wam_get                0.002             0.000             0.013             7.977              1
 scripremap_alloc                   0.002             0.000             0.002             1.263              8
 zps_hde                            0.001             0.000             0.010             7.727              1
 eos-insitu                         0.001             0.000             0.008             7.908              1
 
 Inclusive CPU time for proc :           0
 -----------------------------
 Section                     CPU time (s)          % of total        
 Elapsed Time (s)  CPU/Elapsed      Frequency
 stp_ctl                           36.816           100.000       1325957.848             0.000              1
 iom_put_p0k                       36.742            99.798       1325957.838             0.000             11
 nemo_init                          5.652            15.352             3.227             1.751              1
 stp_tracers                        2.673             7.260             0.485             5.516              1
 scripremap_read_sgl                1.606             4.362             0.566             2.838              8
 tra_dmp                            1.560             4.238             0.321             4.855              1
 nemogcmcoup_wam_coupinit           1.421             3.860             0.252             5.647              1
 stp_sbc                            1.067             2.897             0.145             7.360              1
 sbc                                1.067             2.897             0.145             7.360              1
 stp_oceandyn                       0.577             1.568             0.075             7.709              1
 tra_qsr                            0.461             1.251             0.058             7.953              1
 stp_vertical                       0.428             1.164             0.057             7.475              1
 zdf_phy                            0.428             1.163             0.057             7.474              1
 icestp                             0.421             1.142             0.058             7.222              1
 tra_adv                            0.338             0.917             0.065             5.231              1
 tra_adv_fct                        0.318             0.863             0.044             7.156              1
 ice_dyn                            0.292             0.793             0.041             7.141              1
 nemogcmcoup_coupinit               0.246             0.669             0.340             0.725              1
 sbc_ssr                            0.220             0.599             0.031             7.122              1
 tra_ldf                            0.209             0.568             0.027             7.696              1
 tra_ldf_iso                        0.208             0.565             0.027             7.659              1
 stp_lateral                        0.193             0.523             0.027             7.246              1
 zdf_tmx                            0.164             0.446             0.022             7.554              1
 sbc_wave_sglexe                    0.151             0.409             0.019             7.930              1
 sbc_stokes                         0.149             0.405             0.019             7.932              1
 icedyn_adv                         0.145             0.394             0.020             7.244              1
 dom_hgr                            0.144             0.391             0.018             7.963              1
 ice_dyn_adv_pra                    0.140             0.381             0.020             7.199              1
 icedyn_rhg                         0.135             0.366             0.019             7.110              1
 ldf_slp                            0.133             0.360             0.019             7.011              1
 dyn_vor                            0.120             0.325             0.016             7.579              1
 nonosc                             0.119             0.324             0.016             7.668              2
 tra_nxt                            0.119             0.322             0.016             7.602              1
 sbc_rnf                            0.115             0.311             0.015             7.484              1
 dyn_spg                            0.095             0.259             0.013             7.359              1
 dyn_spg_ts                         0.095             0.259             0.013             7.358              1
 dyn_nxt                            0.091             0.248             0.013             7.269              1
 tmx_itf                            0.089             0.243             0.011             7.888              1
 dom_vvl_sf_swp                     0.089             0.243             0.012             7.658              1
 zdf_tke_tke                        0.071             0.192             0.010             7.322              1
 dyn_adv                            0.064             0.174             0.008             7.971              1
 dom_vvl_sf_nxt                     0.058             0.157             0.008             7.516              2
 parinter_init                      0.052             0.141             0.023             2.243              8
 div_hor                            0.051             0.140             0.006             8.015              2
 stp_diag                           0.051             0.140             0.006             7.938              1
 dia_wri                            0.051             0.138             0.006             7.939              1
 ice_dyn_adv_pra_adv_y              0.051             0.138             0.005             9.447             13
 nemogcmcoup_lim2_get               0.047             0.129             0.006             7.620              2
 dyn_ldf                            0.047             0.128             0.006             7.990              1
 dyn_zdf                            0.045             0.122             0.006             7.002              1
 stp_thermodyn                      0.045             0.122             0.006             7.764              1
 tra_zdf                            0.043             0.116             0.005             7.897              1
 ldf_tra                            0.041             0.111             0.005             7.972              1
 ldf_eiv                            0.041             0.110             0.005             7.977              1
 dyn_zad                            0.036             0.097             0.004             8.023              1
 tra_zdf_imp                        0.036             0.097             0.005             6.859              1
 icethd                             0.034             0.091             0.005             6.728              1
 wzv                                0.033             0.090             0.004             8.020              2
 ssh_nxt                            0.031             0.084             0.004             8.002              1
 zdf_tke_avn                        0.031             0.084             0.003             9.828              1
 tra_sbc                            0.031             0.083             0.004             7.957              1
 dyn_hpg                            0.028             0.077             0.004             7.992              1
 eos-pot                            0.028             0.076             0.004             7.654              3
 dyn_keg                            0.028             0.076             0.004             7.981              1
 ice_dyn_adv_pra_adv_x              0.027             0.074             0.004             6.471             13
 zdf_ddm                            0.025             0.067             0.003             7.831              1
 sbc_hbp                            0.023             0.063             0.003             7.905              1
 bn2                                0.023             0.062             0.003             8.076              2
 parinter_fld_mult                  0.022             0.061             0.003             7.359             10
 rab_3d                             0.022             0.059             0.003             7.698              2
 zdf_sh2                            0.021             0.058             0.003             7.699              1
 zdf_mxl                            0.018             0.049             0.003             5.619              1
 nemogcmcoup_lim2_update            0.017             0.047             0.002             7.935              1
 zdf_evd                            0.016             0.044             0.003             5.236              1
 icesbc                             0.016             0.044             0.002             7.974              2
 ldf_eiv_trp                        0.016             0.044             0.016             0.987              1
 icecor                             0.015             0.042             0.002             7.036              2
 tra_bbl                            0.015             0.040             0.002             7.478              1
 sbc_sglcpl_ice_flx                 0.014             0.037             0.002             7.935              1
 ice_thd_main                       0.013             0.035             0.002             7.386              1
 nemogcmcoup_wam_get                0.013             0.035             0.002             7.977              1
 ldf_eiv_dia                        0.011             0.029             0.011             0.982              1
 zps_hde                            0.010             0.028             0.001             7.727              1
 eos-insitu                         0.008             0.023             0.001             7.908              1
 scripremap_alloc                   0.002             0.005             0.002             1.263              8
 
 Timing started on 30/07/2025 at 16:15:47 MET +02:00 from GMT
 Timing   ended on 30/07/2025 at 16:15:55 MET +02:00 from GMT
  
  Report on time spent on waiting MPI messages 
     total timing measured between nit000+1 and nitend-1 
     warning: includes restarts writing time if output before nitend... 
  
     Computing       time :    0.000000                    on MPI rank :        1
     Waiting lbc_lnk time :    0.000000 ( 0.0 %)           on MPI rank :        1
     Waiting  global time :    0.000000 ( 0.0 %)           on MPI rank :        1
     Total           time : *********** (SYPD:    -0.000 ) on MPI rank :        1
     Computing       time :    0.000000                    on MPI rank :        2
     Waiting lbc_lnk time :    0.000000 ( 0.0 %)           on MPI rank :        2
     Waiting  global time :    0.000000 ( 0.0 %)           on MPI rank :        2
     Total           time : *********** (SYPD:    -0.000 ) on MPI rank :        2
     Computing       time :    0.000000                    on MPI rank :        3
     Waiting lbc_lnk time :    0.000000 ( 0.0 %)           on MPI rank :        3
     Waiting  global time :    0.000000 ( 0.0 %)           on MPI rank :        3
     Total           time : *********** (SYPD:    -0.000 ) on MPI rank :        3
     Computing       time :    0.000000                    on MPI rank :        4
     Waiting lbc_lnk time :    0.000000 ( 0.0 %)           on MPI rank :        4
     Waiting  global time :    0.000000 ( 0.0 %)           on MPI rank :        4
     Total           time : *********** (SYPD:    -0.000 ) on MPI rank :        4
     Computing       time :    0.000000                    on MPI rank :        5
     Waiting lbc_lnk time :    0.000000 ( 0.0 %)           on MPI rank :        5
     Waiting  global time :    0.000000 ( 0.0 %)           on MPI rank :        5
     Total           time : *********** (SYPD:    -0.000 ) on MPI rank :        5
     Computing       time :    0.000000                    on MPI rank :        6
     Waiting lbc_lnk time :    0.000000 ( 0.0 %)           on MPI rank :        6
     Waiting  global time :    0.000000 ( 0.0 %)           on MPI rank :        6
     Total           time : *********** (SYPD:    -0.000 ) on MPI rank :        6
     Computing       time :    0.000000                    on MPI rank :        7
     Waiting lbc_lnk time :    0.000000 ( 0.0 %)           on MPI rank :        7
     Waiting  global time :    0.000000 ( 0.0 %)           on MPI rank :        7
     Total           time : *********** (SYPD:    -0.000 ) on MPI rank :        7
     Computing       time :    0.000000                    on MPI rank :        8
     Waiting lbc_lnk time :    0.000000 ( 0.0 %)           on MPI rank :        8
     Waiting  global time :    0.000000 ( 0.0 %)           on MPI rank :        8
     Total           time : *********** (SYPD:    -0.000 ) on MPI rank :        8
     Computing       time :    0.000000                    on MPI rank :        9
     Waiting lbc_lnk time :    0.000000 ( 0.0 %)           on MPI rank :        9
     Waiting  global time :    0.000000 ( 0.0 %)           on MPI rank :        9
     Total           time : *********** (SYPD:    -0.000 ) on MPI rank :        9
     Computing       time :    0.000000                    on MPI rank :       10
     Waiting lbc_lnk time :    0.000000 ( 0.0 %)           on MPI rank :       10
     Waiting  global time :    0.000000 ( 0.0 %)           on MPI rank :       10
     Total           time : *********** (SYPD:    -0.000 ) on MPI rank :       10
     Computing       time :    0.000000                    on MPI rank :       11
     Waiting lbc_lnk time :    0.000000 ( 0.0 %)           on MPI rank :       11
     Waiting  global time :    0.000000 ( 0.0 %)           on MPI rank :       11
     Total           time : *********** (SYPD:    -0.000 ) on MPI rank :       11
     Computing       time :    0.000000                    on MPI rank :       12
     Waiting lbc_lnk time :    0.000000 ( 0.0 %)           on MPI rank :       12
     Waiting  global time :    0.000000 ( 0.0 %)           on MPI rank :       12
     Total           time : *********** (SYPD:    -0.000 ) on MPI rank :       12
     Computing       time :    0.000000                    on MPI rank :       13
     Waiting lbc_lnk time :    0.000000 ( 0.0 %)           on MPI rank :       13
     Waiting  global time :    0.000000 ( 0.0 %)           on MPI rank :       13
     Total           time : *********** (SYPD:    -0.000 ) on MPI rank :       13
     Computing       time :    0.000000                    on MPI rank :       14
     Waiting lbc_lnk time :    0.000000 ( 0.0 %)           on MPI rank :       14
     Waiting  global time :    0.000000 ( 0.0 %)           on MPI rank :       14
     Total           time : *********** (SYPD:    -0.000 ) on MPI rank :       14
